2766
25	72	3	100	102040	2.000000
26	68	3	100	1597670	2.000000
39	66	3	100	459710	2.000000
22	73	3	100	2086650	2.000000
3	54	3	100	650	2.000000
34	82	3	100	1283080	2.000000
40	82	3	100	119450	2.000000
32	55	3	100	246680	2.000000
6	88	3	100	152790	2.000000
17	61	3	100	429960	2.000000
19	73	3	100	640	2.000000
25	75	3	100	225010	2.000000
38	78	3	100	78550	2.000000
18	78	3	100	1460	2.000000
27	77	3	100	21980	2.000000
6	63	3	100	79920	2.000000
23	68	3	100	2994200	2.000000
5	59	3	100	14510	2.000000
27	61	3	100	121860	2.000000
10	57	3	100	7450	2.000000
27	56	3	100	19500	2.000000
15	83	3	100	4540	2.000000
34	54	3	100	2821960	2.000000
19	90	3	100	214020	2.000000
30	52	3	100	41440	2.000000
5	62	3	100	10050	2.000000
13	67	3	100	1620	2.000000
28	73	3	100	35480	2.000000
21	54	3	100	190720	2.000000
38	63	3	100	276740	2.000000
6	79	3	100	43780	2.000000
8	74	3	100	650	2.000000
34	51	3	100	288550	2.000000
11	80	3	100	2615650	2.000000
10	74	3	100	203690	2.000000
23	59	3	100	2479180	2.000000
18	84	3	100	315720	2.000000
12	83	3	100	91610	2.000000
36	74	3	100	1452560	2.000000
28	80	3	100	140410	2.000000
39	76	3	100	102130	2.000000
25	51	3	100	48780	2.000000
27	62	3	100	226030	2.000000
18	56	3	100	47280	2.000000
23	74	3	100	189420	2.000000
27	77	3	100	105350	2.000000
36	65	3	100	107250	2.000000
36	83	3	100	321910	2.000000
5	87	3	100	336460	2.000000
40	56	3	100	1255810	2.000000
7	75	3	100	10500	2.000000
34	83	3	100	185620	2.000000
17	53	3	100	312840	2.000000
19	79	3	100	1230600	2.000000
40	85	3	100	570	2.000000
15	80	3	100	15820	2.000000
21	53	3	100	20050	2.000000
1	82	3	100	24740	2.000000
14	88	3	100	322650	2.000000
2	57	3	100	229290	2.000000
24	60	3	100	2211230	2.000000
25	72	3	100	201970	2.000000
30	63	3	100	92240	2.000000
9	58	3	100	2358080	2.000000
30	70	3	100	25470	2.000000
11	53	3	100	106630	2.000000
13	78	3	100	84830	2.000000
8	51	3	100	1760	2.000000
28	69	3	100	162560	2.000000
36	90	3	100	23260	2.000000
27	61	3	100	660	2.000000
31	63	3	100	86880	2.000000
24	84	3	100	236370	2.000000
35	61	3	100	470460	2.000000
8	89	3	100	299520	2.000000
9	88	3	100	359800	2.000000
11	59	3	100	150510	2.000000
2	59	3	100	102480	2.000000
15	69	3	100	39600	2.000000
24	85	3	100	9740	2.000000
21	56	3	100	340140	2.000000
16	73	3	100	17430	2.000000
6	70	3	100	77280	2.000000
38	81	3	100	386470	2.000000
37	54	3	100	173330	2.000000
24	89	3	100	44760	2.000000
10	55	3	100	610	2.000000
38	77	3	100	448530	2.000000
12	74	3	100	1610	2.000000
20	90	3	100	1376950	2.000000
14	89	3	100	26460	2.000000
38	88	3	100	472420	2.000000
26	85	3	100	45070	2.000000
34	75	3	100	580	2.000000
14	56	3	100	2899590	2.000000
20	70	3	100	246260	2.000000
15	56	3	100	590680	2.000000
8	71	3	100	24820	2.000000
4	85	3	100	2770780	2.000000
39	87	3	100	429640	2.000000
14	54	3	100	95600	2.000000
10	56	3	100	1230	2.000000
30	51	3	100	423750	2.000000
6	54	3	100	3510	2.000000
27	60	3	100	100770	2.000000
23	85	3	100	354450	2.000000
11	56	3	100	1290	2.000000
13	61	3	100	116790	2.000000
28	78	3	100	41690	2.000000
16	58	3	100	454300	2.000000
3	78	3	100	437550	2.000000
32	61	3	100	83450	2.000000
24	61	3	100	82410	2.000000
8	69	3	100	1020	2.000000
32	54	3	100	150890	2.000000
13	74	3	100	2575810	2.000000
26	52	3	100	104920	2.000000
21	72	3	100	292610	2.000000
12	56	3	100	90200	2.000000
39	58	3	100	1774200	2.000000
22	69	3	100	1456980	2.000000
19	79	3	100	92540	2.000000
37	78	3	100	315920	2.000000
14	81	3	100	243040	2.000000
10	57	3	100	467640	2.000000
39	69	3	100	202840	2.000000
35	69	3	100	2466540	2.000000
24	83	3	100	1844450	2.000000
33	57	3	100	236290	2.000000
16	53	3	100	102200	2.000000
11	84	3	100	810	2.000000
39	65	3	100	77640	2.000000
1	58	3	100	93360	2.000000
38	54	3	100	2371510	2.000000
35	69	3	100	60210	2.000000
10	75	3	100	810	2.000000
1	68	3	100	1800	2.000000
11	59	3	100	32000	2.000000
6	51	3	100	9050	2.000000
25	89	3	100	3022700	2.000000
17	57	3	100	245590	2.000000
20	90	3	100	1670	2.000000
32	62	3	100	28860	2.000000
27	60	3	100	274980	2.000000
21	67	3	100	175140	2.000000
12	79	3	100	98560	2.000000
15	84	3	100	2077540	2.000000
2	60	3	100	75050	2.000000
33	90	3	100	2713710	2.000000
37	62	3	100	3046780	2.000000
10	55	3	100	2453210	2.000000
10	78	3	100	1400	2.000000
30	86	3	100	37750	2.000000
16	65	3	100	386680	2.000000
10	57	3	100	113510	2.000000
13	84	3	100	27950	2.000000
21	88	3	100	241100	2.000000
35	88	3	100	390050	2.000000
28	89	3	100	3081330	2.000000
19	53	3	100	44990	2.000000
7	67	3	100	11200	2.000000
25	66	3	100	1649900	2.000000
39	72	3	100	38600	2.000000
24	86	3	100	95400	2.000000
23	61	3	100	116460	2.000000
17	60	3	100	143130	2.000000
13	65	3	100	154860	2.000000
31	64	3	100	2065860	2.000000
35	52	3	100	32130	2.000000
18	55	3	100	75040	2.000000
30	78	3	100	230150	2.000000
29	59	3	100	72990	2.000000
28	86	3	100	167270	2.000000
12	52	3	100	330970	2.000000
1	65	3	100	158550	2.000000
37	54	3	100	95100	2.000000
1	64	3	100	230000	2.000000
12	59	3	100	9130	2.000000
24	78	3	100	281900	2.000000
38	51	3	100	253810	2.000000
25	74	3	100	2624060	2.000000
1	78	3	100	497040	2.000000
21	64	3	100	458200	2.000000
4	68	3	100	151560	2.000000
28	54	3	100	25550	2.000000
17	75	3	100	1528100	2.000000
25	56	3	100	2881530	2.000000
35	71	3	100	2039680	2.000000
22	87	3	100	703150	2.000000
39	87	3	100	850	2.000000
7	66	3	100	2470420	2.000000
13	57	3	100	1518610	2.000000
18	87	3	100	14380	2.000000
27	68	3	100	2300	2.000000
28	60	3	100	920	2.000000
3	53	3	100	1828400	2.000000
30	86	3	100	282610	2.000000
22	63	3	100	3132820	2.000000
15	69	3	100	85010	2.000000
40	57	3	100	60800	2.000000
28	53	3	100	215960	2.000000
20	62	3	100	28120	2.000000
21	65	3	100	116970	2.000000
14	89	3	100	11410	2.000000
4	64	3	100	202880	2.000000
27	66	3	100	3151840	2.000000
15	79	3	100	244480	2.000000
33	90	3	100	1569050	2.000000
31	78	3	100	67890	2.000000
6	53	3	100	28980	2.000000
18	71	3	100	428000	2.000000
39	55	3	100	6520	2.000000
24	80	3	100	967030	2.000000
38	90	3	100	92830	2.000000
16	56	3	100	296620	2.000000
27	85	3	100	4570	2.000000
20	74	3	100	28900	2.000000
7	85	3	100	1400	2.000000
19	55	3	100	117240	2.000000
40	67	3	100	1096770	2.000000
5	61	3	100	94300	2.000000
16	77	3	100	73900	2.000000
29	76	3	100	92590	2.000000
18	75	3	100	1910	2.000000
33	77	3	100	353460	2.000000
22	55	3	100	94760	2.000000
17	63	3	100	770	2.000000
30	55	3	100	215200	2.000000
29	76	3	100	2571610	2.000000
5	85	3	100	750	2.000000
22	67	3	100	154340	2.000000
15	58	3	100	640	2.000000
21	84	3	100	83240	2.000000
9	54	3	100	3040	2.000000
9	55	3	100	35380	2.000000
3	53	3	100	1084500	2.000000
7	73	3	100	428640	2.000000
19	57	3	100	19990	2.000000
18	72	3	100	75330	2.000000
32	81	3	100	2110000	2.000000
2	86	3	100	90160	2.000000
36	78	3	100	2979380	2.000000
31	65	3	100	140250	2.000000
16	65	3	100	34200	2.000000
20	78	3	100	39490	2.000000
21	55	3	100	14330	2.000000
2	89	3	100	520	2.000000
8	75	3	100	2680	2.000000
36	79	3	100	2676380	2.000000
21	63	3	100	171370	2.000000
38	71	3	100	36000	2.000000
36	65	3	100	510	2.000000
10	63	3	100	1120660	2.000000
19	68	3	100	68520	2.000000
36	88	3	100	3045040	2.000000
16	89	3	100	459970	2.000000
28	60	3	100	23170	2.000000
7	87	3	100	45440	2.000000
19	70	3	100	436660	2.000000
34	56	3	100	103430	2.000000
34	83	3	100	5500	2.000000
7	63	3	100	2220	2.000000
17	55	3	100	184980	2.000000
10	74	3	100	9740	2.000000
40	88	3	100	89870	2.000000
10	61	3	100	130630	2.000000
2	76	3	100	96010	2.000000
16	83	3	100	329140	2.000000
39	65	3	100	1681080	2.000000
31	65	3	100	229470	2.000000
12	85	3	100	8030	2.000000
9	58	3	100	94020	2.000000
30	72	3	100	132900	2.000000
1	68	3	100	1600	2.000000
9	88	3	100	22950	2.000000
35	83	3	100	14250	2.000000
25	55	3	100	355630	2.000000
26	83	3	100	128510	2.000000
37	52	3	100	45020	2.000000
29	67	3	100	15990	2.000000
5	83	3	100	125280	2.000000
36	80	3	100	96570	2.000000
36	80	3	100	530	2.000400
28	87	3	100	331140	2.000400
8	70	3	100	12100	2.000400
15	88	3	100	2053520	2.000400
12	64	3	100	210280	2.000400
39	56	3	100	33070	2.000400
35	70	3	100	1701580	2.000400
8	72	3	100	60010	2.000400
13	68	3	100	106060	2.000400
15	87	3	100	361050	2.000400
30	62	3	100	192140	2.000400
32	82	3	100	73850	2.000400
31	80	3	100	12230	2.000400
35	68	3	100	132230	2.000400
18	73	3	100	229000	2.000400
20	85	3	100	235190	2.000400
17	67	3	100	492210	2.000400
14	59	3	100	1430	2.000400
36	87	3	100	10170	2.000400
14	58	3	100	9190	2.000400
36	53	3	100	2880160	2.000400
4	85	3	100	183740	2.000400
15	64	3	100	401270	2.000400
13	77	3	100	149990	2.000400
20	87	3	100	175110	2.000400
34	80	3	100	890	2.000400
31	59	3	100	1762140	2.000400
2	64	3	100	4970	2.000400
20	83	3	100	47240	2.000400
7	64	3	100	497390	2.000400
6	60	3	100	1840	2.000400
29	66	3	100	52990	2.000400
29	64	3	100	355470	2.000400
33	59	3	100	2783780	2.000400
7	62	3	100	16920	2.000400
14	70	3	100	153010	2.000400
35	86	3	100	23940	2.000400
25	55	3	100	118200	2.000400
13	63	3	100	130200	2.000400
30	53	3	100	1415520	2.000400
30	58	3	100	2282740	2.000400
21	90	3	100	19610	2.000400
22	62	3	100	49960	2.000400
24	87	3	100	482730	2.000400
29	73	3	100	2038970	2.000400
20	85	3	100	762190	2.000400
9	81	3	100	570	2.000400
13	60	3	100	143730	2.000400
30	54	3	100	148550	2.000400
38	60	3	100	287780	2.000400
24	51	3	100	126620	2.000400
29	52	3	100	1420550	2.000400
21	52	3	100	24840	2.000400
39	74	3	100	6630	2.000400
12	69	3	100	660	2.000400
17	70	3	100	29420	2.000400
24	81	3	100	27480	2.000400
25	76	3	100	2418340	2.000400
32	84	3	100	134360	2.000400
8	90	3	100	11010	2.000400
19	53	3	100	2350540	2.000400
39	79	3	100	75500	2.000400
11	61	3	100	10820	2.000400
22	56	3	100	55670	2.000400
26	80	3	100	700	2.000400
18	77	3	100	1040690	2.000400
20	89	3	100	35550	2.000400
1	70	3	100	32840	2.000400
33	60	3	100	52900	2.000400
32	79	3	100	177590	2.000400
29	67	3	100	530	2.000400
1	71	3	100	2850	2.000400
3	89	3	100	1123910	2.000400
7	51	3	100	2318980	2.000400
12	58	3	100	304520	2.000400
5	61	3	100	2802230	2.000400
26	71	3	100	92130	2.000400
31	56	3	100	2690090	2.000400
35	75	3	100	980	2.000400
29	87	3	100	154600	2.000400
15	55	3	100	397080	2.000400
36	55	3	100	404030	2.000400
1	89	3	100	223240	2.000400
23	62	3	100	2140060	2.000400
11	84	3	100	2947000	2.000400
32	71	3	100	1700	2.000400
19	68	3	100	20560	2.000400
17	65	3	100	14800	2.000400
18	61	3	100	152930	2.000400
2	87	3	100	507500	2.000400
23	85	3	100	2618630	2.000400
5	76	3	100	3133280	2.000400
40	75	3	100	10890	2.000400
24	51	3	100	19880	2.000400
39	64	3	100	245240	2.000400
12	88	3	100	356580	2.000400
14	82	3	100	6820	2.000400
16	59	3	100	295250	2.000400
5	66	3	100	39250	2.000400
21	64	3	100	325460	2.000400
1	76	3	100	26180	2.000400
11	83	3	100	2519940	2.000400
13	84	3	100	5830	2.000400
26	81	3	100	13860	2.000400
18	86	3	100	5730	2.000400
1	74	3	100	107100	2.000400
32	87	3	100	47680	2.000400
16	70	3	100	200560	2.000400
40	78	3	100	89050	2.000400
11	88	3	100	11620	2.000400
29	88	3	100	273630	2.000400
17	58	3	100	81230	2.000400
29	76	3	100	2121050	2.000400
35	83	3	100	1882140	2.000400
12	65	3	100	85600	2.000400
23	77	3	100	42830	2.000400
1	66	3	100	51940	2.000400
38	86	3	100	1142820	2.000400
27	64	3	100	170900	2.000400
33	54	3	100	475610	2.000400
2	83	3	100	486640	2.000400
3	76	3	100	141090	2.000400
7	56	3	100	428300	2.000400
23	90	3	100	2905640	2.000400
40	55	3	100	2269660	2.000400
10	69	3	100	401340	2.000400
9	73	3	100	17800	2.000400
5	55	3	100	77940	2.000400
1	67	3	100	273100	2.000400
17	54	3	100	1560	2.000400
12	57	3	100	2657660	2.000400
7	83	3	100	198910	2.000400
23	71	3	100	2754060	2.000400
15	82	3	100	175590	2.000400
16	89	3	100	208750	2.000400
5	67	3	100	442460	2.000400
28	87	3	100	33770	2.000400
31	69	3	100	188900	2.000400
39	90	3	100	1161330	2.000400
15	86	3	100	245450	2.000400
18	52	3	100	422980	2.000400
21	82	3	100	385380	2.000400
32	63	3	100	475140	2.000400
22	69	3	100	285500	2.000400
1	55	3	100	44770	2.000400
40	56	3	100	62810	2.000400
3	64	3	100	57310	2.000400
38	84	3	100	86630	2.000400
1	84	3	100	268940	2.000400
7	90	3	100	5070	2.000400
35	62	3	100	107030	2.000400
32	78	3	100	2264000	2.000400
25	54	3	100	1490500	2.000400
31	79	3	100	1240	2.000400
16	57	3	100	587590	2.000400
29	86	3	100	2679060	2.000400
31	90	3	100	222960	2.000400
2	51	3	100	73110	2.000400
33	85	3	100	2595750	2.000400
3	52	3	100	1908640	2.000400
13	73	3	100	2908490	2.000400
17	77	3	100	93220	2.000400
31	72	3	100	27900	2.000400
11	61	3	100	159730	2.000400
29	88	3	100	308140	2.000400
32	57	3	100	83540	2.000400
17	78	3	100	46190	2.000400
13	65	3	100	491300	2.000400
24	54	3	100	2430	2.000400
15	81	3	100	300880	2.000400
29	81	3	100	42980	2.000400
22	72	3	100	372140	2.000400
39	62	3	100	462350	2.000400
27	74	3	100	431060	2.000400
38	52	3	100	12880	2.000400
31	54	3	100	149270	2.000400
9	61	3	100	319040	2.000400
2	85	3	100	111210	2.000400
21	72	3	100	251990	2.000400
14	55	3	100	56420	2.000400
7	73	3	100	56260	2.000400
39	89	3	100	228020	2.000400
25	90	3	100	1532760	2.000400
31	63	3	100	80550	2.000400
9	70	3	100	3023040	2.000400
37	55	3	100	700	2.000400
36	72	3	100	20080	2.000400
27	76	3	100	10340	2.000400
11	53	3	100	21880	2.000400
6	58	3	100	297230	2.000400
2	55	3	100	11480	2.000400
13	62	3	100	32540	2.000400
31	90	3	100	160830	2.000400
38	66	3	100	6450	2.000400
17	62	3	100	135940	2.000400
27	69	3	100	2224910	2.000400
36	79	3	100	133970	2.000400
6	66	3	100	322630	2.000400
12	55	3	100	1830790	2.000400
29	75	3	100	461020	2.000400
34	70	3	100	1444650	2.000400
37	61	3	100	216190	2.000400
22	72	3	100	2261090	2.000400
13	90	3	100	1747410	2.000400
19	83	3	100	421140	2.000400
28	63	3	100	19480	2.000400
27	84	3	100	610	2.000400
26	68	3	100	1688960	2.000400
13	69	3	100	148450	2.000400
6	79	3	100	711520	2.000400
3	62	3	100	880	2.000400
39	77	3	100	2644730	2.000400
22	83	3	100	83660	2.000400
15	66	3	100	265910	2.000400
15	87	3	100	2920480	2.000400
2	58	3	100	7980	2.000400
2	60	3	100	112310	2.000400
34	59	3	100	136230	2.000400
38	77	3	100	470510	2.000400
23	90	3	100	200970	2.000400
2	58	3	100	94660	2.000400
25	81	3	100	97870	2.000400
29	82	3	100	55920	2.000400
40	76	3	100	1441900	2.000400
23	80	3	100	423680	2.000400
37	57	3	100	177760	2.000400
18	87	3	100	6080	2.000400
40	86	3	100	2130	2.000400
20	79	3	100	370050	2.000400
37	82	3	100	53030	2.000400
20	79	3	100	11910	2.000400
8	70	3	100	47260	2.000400
35	74	3	100	75100	2.000400
34	83	3	100	3138490	2.000400
34	67	3	100	10840	2.000400
34	53	3	100	75580	2.000400
37	89	3	100	247290	2.000400
28	52	3	100	148280	2.000400
22	64	3	100	1830	2.000400
10	65	3	100	106940	2.000400
24	79	3	100	56080	2.000400
14	51	3	100	940	2.000400
11	80	3	100	235740	2.000400
31	81	3	100	1088710	2.000400
29	90	3	100	1699620	2.000400
24	74	3	100	830	2.000400
40	56	3	100	373140	2.000400
33	65	3	100	19550	2.000400
4	80	3	100	115120	2.000400
29	87	3	100	12790	2.000400
37	67	3	100	50460	2.000400
38	90	3	100	19870	2.000400
27	55	3	100	258020	2.000400
34	78	3	100	99520	2.000400
16	66	3	100	201810	2.000400
36	88	3	100	1240	2.000400
8	55	3	100	18980	2.000400
14	71	3	100	236820	2.000400
30	86	3	100	3004530	2.000400
27	84	3	100	436430	2.000400
13	86	3	100	980	2.000400
1	61	3	100	119760	2.000400
26	55	3	100	283090	2.000400
33	58	3	100	98660	2.000400
21	69	3	100	473490	2.000400
39	82	3	100	2410	2.000400
33	53	3	100	27510	2.000400
7	58	3	100	157080	2.000400
27	69	3	100	2579610	2.000400
10	81	3	100	1285530	2.000400
23	69	3	100	207030	2.000400
18	73	3	100	99370	2.000400
17	78	3	100	3910	2.000400
7	85	3	100	424590	2.000400
38	83	3	100	222560	2.000800
9	52	3	100	105280	2.000800
27	84	3	100	1032640	2.000800
2	60	3	100	71620	2.000800
8	83	3	100	418450	2.000800
21	90	3	100	12510	2.000800
36	55	3	100	14740	2.000800
28	55	3	100	183260	2.000800
17	80	3	100	1726360	2.000800
31	84	3	100	800	2.000800
13	71	3	100	98990	2.000800
10	63	3	100	2373390	2.000800
12	65	3	100	520	2.000800
34	57	3	100	20820	2.000800
11	86	3	100	21250	2.000800
32	83	3	100	2107230	2.000800
5	59	3	100	376720	2.000800
8	62	3	100	15190	2.000800
7	70	3	100	7250	2.000800
13	68	3	100	700	2.000800
16	54	3	100	136030	2.000800
34	83	3	100	2600	2.000800
25	84	3	100	28010	2.000800
31	86	3	100	484200	2.000800
5	51	3	100	18720	2.000800
11	75	3	100	87170	2.000800
29	65	3	100	13680	2.000800
13	86	3	100	2562790	2.000800
9	82	3	100	38080	2.000800
36	57	3	100	275100	2.000800
4	89	3	100	317340	2.000800
34	73	3	100	127130	2.000800
25	72	3	100	123400	2.000800
31	58	3	100	15760	2.000800
18	63	3	100	2140	2.000800
34	81	3	100	167430	2.000800
40	53	3	100	417090	2.000800
11	65	3	100	23760	2.000800
32	56	3	100	849440	2.000800
27	53	3	100	492460	2.000800
26	87	3	100	386570	2.000800
23	84	3	100	39750	2.000800
22	62	3	100	2702610	2.000800
10	51	3	100	59830	2.000800
21	52	3	100	178460	2.000800
35	79	3	100	230700	2.000800
39	89	3	100	621740	2.000800
25	70	3	100	580	2.000800
25	90	3	100	532610	2.000800
14	57	3	100	446670	2.000800
30	89	3	100	1352910	2.000800
23	55	3	100	130690	2.000800
13	71	3	100	48840	2.000800
35	84	3	100	55100	2.000800
24	68	3	100	1848050	2.000800
8	78	3	100	2734000	2.000800
8	59	3	100	307630	2.000800
32	70	3	100	218170	2.000800
9	70	3	100	7930	2.000800
13	62	3	100	111280	2.000800
38	58	3	100	93410	2.000800
25	88	3	100	11380	2.000800
37	54	3	100	129220	2.000800
19	59	3	100	74730	2.000800
19	85	3	100	2512650	2.000800
21	85	3	100	216740	2.000800
14	58	3	100	97890	2.000800
21	52	3	100	12710	2.000800
25	60	3	100	810550	2.000800
14	55	3	100	2870	2.000800
38	55	3	100	12170	2.000800
35	61	3	100	275090	2.000800
33	75	3	100	2547700	2.000800
29	55	3	100	177850	2.000800
29	83	3	100	720	2.000800
29	84	3	100	383360	2.000800
21	69	3	100	171310	2.000800
29	87	3	100	225100	2.000800
36	79	3	100	1810	2.000800
21	62	3	100	42280	2.000800
15	63	3	100	192860	2.000800
28	61	3	100	11050	2.000800
3	74	3	100	17850	2.000800
1	88	3	100	162930	2.000800
4	84	3	100	2919440	2.000800
18	52	3	100	9750	2.000800
16	86	3	100	12950	2.000800
33	51	3	100	117410	2.000800
26	53	3	100	222960	2.000800
38	57	3	100	358060	2.000800
25	58	3	100	530	2.000800
1	72	3	100	2335050	2.000800
26	79	3	100	136190	2.000800
24	56	3	100	1381500	2.000800
31	90	3	100	47020	2.000800
10	56	3	100	2644870	2.000800
32	57	3	100	173690	2.000800
17	57	3	100	14610	2.000800
39	63	3	100	2315680	2.000800
4	69	3	100	11040	2.000800
1	73	3	100	8520	2.000800
29	78	3	100	16420	2.000800
38	79	3	100	47140	2.000800
29	80	3	100	73150	2.000800
16	65	3	100	224710	2.000800
37	57	3	100	1358070	2.000800
2	77	3	100	98400	2.000800
32	79	3	100	128890	2.000800
26	71	3	100	493370	2.000800
20	71	3	100	31240	2.000800
25	63	3	100	191790	2.000800
7	57	3	100	99400	2.000800
18	61	3	100	11230	2.000800
2	52	3	100	37440	2.000800
19	80	3	100	126140	2.000800
37	52	3	100	17050	2.000800
14	74	3	100	1033320	2.000800
15	61	3	100	1530	2.000800
33	66	3	100	187400	2.000800
40	51	3	100	12670	2.000800
32	83	3	100	421480	2.000800
22	90	3	100	91490	2.000800
25	53	3	100	96620	2.000800
29	60	3	100	2350210	2.000800
28	62	3	100	421060	2.000800
4	89	3	100	1120	2.000800
38	61	3	100	402050	2.000800
1	61	3	100	387220	2.000800
22	55	3	100	90550	2.000800
16	73	3	100	277380	2.000800
34	70	3	100	89950	2.000800
6	83	3	100	335240	2.000800
17	71	3	100	274210	2.000800
7	52	3	100	56030	2.000800
24	70	3	100	305990	2.000800
33	70	3	100	11490	2.000800
35	73	3	100	372560	2.000800
29	89	3	100	45930	2.000800
29	65	3	100	91200	2.000800
10	64	3	100	2414820	2.000800
12	60	3	100	196510	2.000800
11	69	3	100	765010	2.000800
10	68	3	100	218930	2.000800
22	89	3	100	291450	2.000800
30	89	3	100	98400	2.000800
15	52	3	100	17570	2.000800
10	58	3	100	396880	2.000800
22	77	3	100	566750	2.000800
10	64	3	100	328200	2.000800
16	52	3	100	106860	2.000800
37	67	3	100	64530	2.000800
40	76	3	100	80710	2.000800
5	82	3	100	327800	2.000800
37	59	3	100	8870	2.000800
29	59	3	100	16390	2.000800
13	83	3	100	164520	2.000800
2	69	3	100	295540	2.000800
22	73	3	100	24920	2.000800
34	73	3	100	335060	2.000800
40	68	3	100	1442890	2.000800
1	52	3	100	202270	2.000800
13	60	3	100	39710	2.000800
13	80	3	100	185690	2.000800
32	84	3	100	891630	2.000800
17	67	3	100	2096320	2.000800
27	54	3	100	166280	2.000800
15	90	3	100	590	2.000800
25	79	3	100	43600	2.000800
39	85	3	100	1942890	2.000800
1	73	3	100	45650	2.000800
34	76	3	100	164080	2.000800
5	72	3	100	239120	2.000800
39	74	3	100	2690990	2.000800
39	77	3	100	143150	2.000800
19	86	3	100	740	2.000800
5	55	3	100	400540	2.000800
14	76	3	100	213160	2.000800
16	72	3	100	251600	2.000800
38	74	3	100	222580	2.000800
3	89	3	100	156920	2.000800
33	53	3	100	100910	2.000800
11	61	3	100	459250	2.000800
25	68	3	100	560	2.000800
39	89	3	100	23400	2.000800
2	72	3	100	2459830	2.000800
37	74	3	100	49680	2.000800
14	86	3	100	135080	2.000800
6	60	3	100	39300	2.000800
5	69	3	100	1948650	2.000800
27	53	3	100	530	2.000800
12	65	3	100	434240	2.000800
39	66	3	100	298620	2.000800
40	80	3	100	243160	2.000800
4	63	3	100	1910210	2.000800
9	84	3	100	311280	2.000800
15	72	3	100	166690	2.000800
29	71	3	100	11370	2.000800
31	67	3	100	2628730	2.000800
12	61	3	100	65830	2.000800
23	86	3	100	16410	2.000800
12	74	3	100	115920	2.000800
18	83	3	100	2061800	2.000800
20	78	3	100	475580	2.000800
21	62	3	100	244950	2.000800
24	87	3	100	1210	2.000800
37	72	3	100	600	2.000800
14	79	3	100	133310	2.000800
40	67	3	100	60180	2.000800
33	72	3	100	293670	2.000800
33	77	3	100	101510	2.000800
5	74	3	100	1679500	2.000800
17	87	3	100	141730	2.000800
25	84	3	100	182350	2.000800
4	90	3	100	29960	2.000800
29	71	3	100	128180	2.000800
10	79	3	100	8150	2.000800
40	84	3	100	161190	2.000800
17	62	3	100	140570	2.000800
36	62	3	100	139940	2.000800
10	64	3	100	18490	2.000800
40	73	3	100	362560	2.000800
4	65	3	100	1610200	2.000800
4	57	3	100	233010	2.000800
25	84	3	100	2229710	2.000800
6	61	3	100	103660	2.000800
1	53	3	100	25280	2.000800
20	61	3	100	1379500	2.000800
13	87	3	100	2797780	2.000800
18	60	3	100	44590	2.000800
32	61	3	100	85850	2.000800
20	74	3	100	3105900	2.000800
10	65	3	100	34770	2.000800
15	55	3	100	78650	2.000800
36	62	3	100	82790	2.000800
38	80	3	100	149630	2.000800
32	55	3	100	120950	2.000800
5	60	3	100	12270	2.000800
15	66	3	100	2400530	2.000800
11	69	3	100	493130	2.000800
33	81	3	100	43220	2.000800
20	58	3	100	18190	2.000800
18	80	3	100	155930	2.000800
36	84	3	100	790	2.000800
23	75	3	100	2606780	2.000800
1	72	3	100	20930	2.000800
3	74	3	100	427190	2.000800
31	52	3	100	95490	2.000800
2	60	3	100	18910	2.000800
9	64	3	100	39520	2.000800
39	65	3	100	1632360	2.000800
8	81	3	100	1510	2.000800
19	51	3	100	491280	2.000800
39	52	3	100	2205910	2.000800
31	65	3	100	1844930	2.000800
12	67	3	100	4480	2.000800
27	52	3	100	131430	2.000800
28	83	3	100	13170	2.000800
31	79	3	100	178690	2.000800
24	54	3	100	210490	2.000800
16	85	3	100	54020	2.000800
24	68	3	100	1373430	2.000800
11	54	3	100	386460	2.000800
17	74	3	100	720	2.000800
39	86	3	100	231540	2.000800
1	66	3	100	2855740	2.000800
28	57	3	100	119010	2.000800
39	72	3	100	700	2.000800
25	61	3	100	4830	2.000800
17	73	3	100	620	2.000800
32	67	3	100	174250	2.001200
30	86	3	100	85650	2.001200
25	78	3	100	990	2.001200
33	66	3	100	279950	2.001200
19	79	3	100	350640	2.001200
8	77	3	100	1012900	2.001200
10	81	3	100	240930	2.001200
39	61	3	100	13670	2.001200
13	61	3	100	400370	2.001200
30	77	3	100	23150	2.001200
35	89	3	100	159260	2.001200
26	71	3	100	41700	2.001200
12	63	3	100	18580	2.001200
37	85	3	100	119530	2.001200
15	88	3	100	24410	2.001200
23	53	3	100	18640	2.001200
25	77	3	100	194790	2.001200
35	90	3	100	412320	2.001200
19	84	3	100	10190	2.001200
28	71	3	100	16670	2.001200
39	64	3	100	223580	2.001200
36	71	3	100	8940	2.001200
33	65	3	100	2917480	2.001200
36	85	3	100	77490	2.001200
31	90	3	100	155760	2.001200
19	51	3	100	316740	2.001200
35	60	3	100	54900	2.001200
21	53	3	100	3510	2.001200
17	61	3	100	95130	2.001200
19	90	3	100	2356450	2.001200
6	86	3	100	2580	2.001200
21	57	3	100	80680	2.001200
30	67	3	100	485600	2.001200
29	88	3	100	160950	2.001200
33	63	3	100	74210	2.001200
17	67	3	100	5660	2.001200
21	54	3	100	1568600	2.001200
3	68	3	100	42110	2.001200
7	82	3	100	337430	2.001200
6	76	3	100	461120	2.001200
31	54	3	100	297280	2.001200
29	85	3	100	144430	2.001200
19	89	3	100	467850	2.001200
23	64	3	100	924920	2.001200
19	54	3	100	116200	2.001200
35	68	3	100	590	2.001200
25	90	3	100	520290	2.001200
25	87	3	100	496880	2.001200
20	74	3	100	360420	2.001200
34	53	3	100	430930	2.001200
18	77	3	100	413630	2.001200
22	57	3	100	96490	2.001200
4	78	3	100	2493020	2.001200
32	66	3	100	197440	2.001200
13	72	3	100	48390	2.001200
30	61	3	100	2642130	2.001200
27	53	3	100	560	2.001200
40	59	3	100	53780	2.001200
9	88	3	100	259270	2.001200
21	73	3	100	56190	2.001200
25	67	3	100	19930	2.001200
27	65	3	100	448380	2.001200
17	71	3	100	452460	2.001200
18	89	3	100	461920	2.001200
34	89	3	100	88800	2.001200
24	78	3	100	283600	2.001200
39	62	3	100	44480	2.001200
37	82	3	100	20670	2.001200
23	80	3	100	76440	2.001200
18	74	3	100	122260	2.001200
31	51	3	100	106720	2.001200
14	75	3	100	432890	2.001200
4	57	3	100	274100	2.001200
30	74	3	100	2913670	2.001200
20	56	3	100	298160	2.001200
25	74	3	100	168720	2.001200
38	56	3	100	2090	2.001200
7	60	3	100	204420	2.001200
25	60	3	100	133730	2.001200
20	69	3	100	479810	2.001200
19	81	3	100	15150	2.001200
22	83	3	100	16620	2.001200
19	75	3	100	17650	2.001200
31	54	3	100	2387620	2.001200
19	64	3	100	9500	2.001200
18	77	3	100	4150	2.001200
13	84	3	100	252650	2.001200
9	57	3	100	1781440	2.001200
12	58	3	100	3161760	2.001200
13	55	3	100	119590	2.001200
18	88	3	100	11480	2.001200
4	54	3	100	1778590	2.001200
18	57	3	100	205140	2.001200
22	58	3	100	212560	2.001200
14	60	3	100	145840	2.001200
12	59	3	100	1423450	2.001200
7	62	3	100	87830	2.001200
11	59	3	100	424710	2.001200
14	55	3	100	165420	2.001200
6	65	3	100	1453880	2.001200
15	76	3	100	148370	2.001200
6	76	3	100	1081010	2.001200
4	81	3	100	302700	2.001200
35	55	3	100	50650	2.001200
28	51	3	100	364330	2.001200
35	69	3	100	106590	2.001200
12	51	3	100	17870	2.001200
40	85	3	100	35800	2.001200
39	65	3	100	46960	2.001200
7	87	3	100	2974230	2.001200
14	79	3	100	67690	2.001200
5	66	3	100	172880	2.001200
5	83	3	100	138040	2.001200
10	74	3	100	462320	2.001200
14	79	3	100	103830	2.001200
39	81	3	100	77520	2.001200
1	77	3	100	19710	2.001200
5	88	3	100	3161540	2.001200
11	63	3	100	14960	2.001200
19	85	3	100	318570	2.001200
34	60	3	100	359240	2.001200
37	62	3	100	303320	2.001200
17	62	3	100	2723130	2.001200
14	55	3	100	88710	2.001200
18	81	3	100	2438200	2.001200
33	88	3	100	126230	2.001200
29	63	3	100	1880	2.001200
15	78	3	100	38530	2.001200
35	82	3	100	19090	2.001200
14	84	3	100	29480	2.001200
14	64	3	100	475550	2.001200
2	53	3	100	192740	2.001200
16	76	3	100	35790	2.001200
37	81	3	100	1780	2.001200
32	89	3	100	2330080	2.001200
30	55	3	100	190820	2.001200
12	89	3	100	341020	2.001200
25	78	3	100	108150	2.001200
15	88	3	100	64190	2.001200
2	67	3	100	457350	2.001200
26	89	3	100	6340	2.001200
37	65	3	100	125700	2.001200
18	55	3	100	30460	2.001200
30	51	3	100	11450	2.001200
2	85	3	100	225370	2.001200
7	81	3	100	2682320	2.001200
38	87	3	100	540	2.001200
24	61	3	100	182390	2.001200
13	57	3	100	111210	2.001200
20	90	3	100	970	2.001200
13	85	3	100	267990	2.001200
34	77	3	100	404960	2.001200
20	59	3	100	490790	2.001200
23	56	3	100	482100	2.001200
39	64	3	100	45240	2.001200
4	77	3	100	2568990	2.001200
6	70	3	100	4730	2.001200
2	77	3	100	1249460	2.001200
14	86	3	100	9580	2.001200
10	87	3	100	144710	2.001200
25	52	3	100	10920	2.001200
3	87	3	100	11540	2.001200
34	65	3	100	474800	2.001200
15	61	3	100	4020	2.001200
12	69	3	100	524050	2.001200
19	89	3	100	165910	2.001200
1	67	3	100	301120	2.001200
10	78	3	100	141830	2.001200
2	81	3	100	179280	2.001200
4	70	3	100	43030	2.001200
36	62	3	100	2319260	2.001200
22	63	3	100	496820	2.001200
28	67	3	100	236970	2.001200
32	85	3	100	508200	2.001200
7	84	3	100	1400	2.001200
9	75	3	100	8790	2.001200
25	63	3	100	104520	2.001200
13	53	3	100	140070	2.001200
39	75	3	100	48080	2.001200
39	66	3	100	312960	2.001200
26	89	3	100	1927710	2.001200
6	54	3	100	490180	2.001200
37	70	3	100	303470	2.001200
3	59	3	100	13110	2.001200
25	58	3	100	1450	2.001200
13	78	3	100	192260	2.001200
14	84	3	100	39110	2.001200
11	73	3	100	127890	2.001200
18	57	3	100	142400	2.001200
11	66	3	100	363620	2.001200
38	81	3	100	94980	2.001200
24	80	3	100	98310	2.001200
15	56	3	100	367400	2.001200
34	63	3	100	445730	2.001200
25	82	3	100	97190	2.001200
30	67	3	100	3400	2.001200
23	69	3	100	31910	2.001200
36	66	3	100	910	2.001200
16	67	3	100	1162010	2.001200
32	58	3	100	835160	2.001200
10	64	3	100	2320	2.001200
3	78	3	100	2054040	2.001200
20	84	3	100	463150	2.001200
27	90	3	100	477500	2.001200
11	82	3	100	306140	2.001200
16	54	3	100	22730	2.001200
32	60	3	100	3131310	2.001200
28	70	3	100	186590	2.001200
25	89	3	100	14570	2.001200
11	79	3	100	28470	2.001200
35	64	3	100	17080	2.001200
2	74	3	100	636430	2.001200
11	87	3	100	401900	2.001200
3	73	3	100	184420	2.001200
9	64	3	100	117850	2.001200
2	56	3	100	14840	2.001200
16	80	3	100	723480	2.001200
7	81	3	100	280480	2.001200
36	89	3	100	10550	2.001200
4	82	3	100	14620	2.001200
8	86	3	100	2279910	2.001200
13	84	3	100	1121810	2.001200
25	73	3	100	190630	2.001200
13	75	3	100	29400	2.001200
8	67	3	100	324570	2.001200
25	89	3	100	252970	2.001200
6	57	3	100	3940	2.001200
8	74	3	100	824430	2.001200
36	67	3	100	177980	2.001200
33	63	3	100	206620	2.001200
7	70	3	100	16000	2.001200
19	66	3	100	106140	2.001200
10	56	3	100	38900	2.001200
10	80	3	100	340300	2.001200
24	54	3	100	183560	2.001200
4	51	3	100	76300	2.001200
10	74	3	100	2130680	2.001200
29	81	3	100	2452350	2.001200
26	74	3	100	211620	2.001200
35	66	3	100	465850	2.001200
27	63	3	100	590	2.001200
9	78	3	100	193730	2.001200
11	68	3	100	269640	2.001200
6	68	3	100	99250	2.001200
22	71	3	100	81320	2.001200
31	53	3	100	850	2.001200
17	86	3	100	39580	2.001200
7	88	3	100	15380	2.001200
15	80	3	100	34210	2.001200
10	66	3	100	452290	2.001200
37	52	3	100	14980	2.001200
39	74	3	100	172760	2.001200
33	52	3	100	590	2.001200
39	84	3	100	384290	2.001200
7	70	3	100	2255750	2.001200
38	51	3	100	392980	2.001200
1	90	3	100	99380	2.001200
39	65	3	100	45130	2.001200
13	80	3	100	20000	2.001200
35	74	3	100	2727290	2.001200
40	58	3	100	2523030	2.001200
2	52	3	100	2350740	2.001200
39	56	3	100	110220	2.001200
20	85	3	100	235360	2.001200
31	70	3	100	255190	2.001200
30	80	3	100	510	2.001200
4	65	3	100	1500	2.001200
16	66	3	100	2009110	2.001200
23	79	3	100	1531540	2.001200
18	51	3	100	42340	2.001200
33	87	3	100	75960	2.001200
12	87	3	100	75820	2.001200
27	62	3	100	4680	2.001200
21	87	3	100	226610	2.001200
9	78	3	100	419970	2.001200
13	73	3	100	293240	2.001200
7	89	3	100	114450	2.001200
40	58	3	100	130830	2.001200
7	51	3	100	27980	2.001200
17	68	3	100	1521510	2.001200
26	68	3	100	2988760	2.001200
25	63	3	100	304240	2.001200
20	86	3	100	1666170	2.001200
11	76	3	100	3051640	2.001600
34	65	3	100	4280	2.001600
39	66	3	100	45190	2.001600
13	70	3	100	2537040	2.001600
40	62	3	100	75940	2.001600
21	51	3	100	16230	2.001600
38	52	3	100	5210	2.001600
17	80	3	100	36490	2.001600
13	63	3	100	1320520	2.001600
10	73	3	100	3161280	2.001600
30	64	3	100	415040	2.001600
39	65	3	100	327710	2.001600
4	86	3	100	4410	2.001600
15	72	3	100	34970	2.001600
26	73	3	100	340600	2.001600
15	72	3	100	494500	2.001600
33	79	3	100	166110	2.001600
27	54	3	100	124360	2.001600
35	75	3	100	2319200	2.001600
11	54	3	100	234130	2.001600
4	82	3	100	33020	2.001600
22	83	3	100	453430	2.001600
20	90	3	100	138200	2.001600
12	63	3	100	377930	2.001600
18	67	3	100	650	2.001600
13	85	3	100	479740	2.001600
30	51	3	100	730	2.001600
13	69	3	100	1857430	2.001600
16	62	3	100	187110	2.001600
37	80	3	100	1090140	2.001600
8	56	3	100	167530	2.001600
28	89	3	100	82650	2.001600
14	71	3	100	296630	2.001600
23	79	3	100	85750	2.001600
35	58	3	100	55300	2.001600
31	64	3	100	277590	2.001600
12	58	3	100	48390	2.001600
36	69	3	100	25050	2.001600
13	51	3	100	398620	2.001600
10	74	3	100	700	2.001600
34	58	3	100	530	2.001600
13	87	3	100	34690	2.001600
21	67	3	100	45500	2.001600
38	82	3	100	409010	2.001600
22	83	3	100	117930	2.001600
19	70	3	100	27750	2.001600
37	61	3	100	19760	2.001600
10	83	3	100	420290	2.001600
18	51	3	100	2811480	2.001600
6	85	3	100	442700	2.001600
38	81	3	100	63620	2.001600
10	66	3	100	20620	2.001600
29	84	3	100	252950	2.001600
8	52	3	100	194310	2.001600
19	58	3	100	81440	2.001600
22	76	3	100	127050	2.001600
39	52	3	100	266300	2.001600
37	60	3	100	22600	2.001600
31	70	3	100	3049190	2.001600
24	87	3	100	580	2.001600
7	78	3	100	99190	2.001600
34	68	3	100	334710	2.001600
23	55	3	100	341670	2.001600
29	55	3	100	180400	2.001600
14	69	3	100	101660	2.001600
5	57	3	100	3190	2.001600
8	85	3	100	700	2.001600
18	83	3	100	5070	2.001600
10	80	3	100	254210	2.001600
23	57	3	100	464480	2.001600
6	56	3	100	465340	2.001600
15	63	3	100	39970	2.001600
13	64	3	100	311350	2.001600
10	64	3	100	433320	2.001600
37	75	3	100	6090	2.001600
22	76	3	100	54460	2.001600
34	82	3	100	190200	2.001600
6	78	3	100	1649360	2.001600
11	89	3	100	424970	2.001600
13	75	3	100	51630	2.001600
4	83	3	100	274920	2.001600
25	56	3	100	84700	2.001600
36	57	3	100	1090	2.001600
8	61	3	100	445960	2.001600
26	51	3	100	620	2.001600
23	76	3	100	10640	2.001600
25	60	3	100	69160	2.001600
17	55	3	100	2628730	2.001600
39	68	3	100	33220	2.001600
39	83	3	100	350490	2.001600
19	67	3	100	438660	2.001600
21	77	3	100	183510	2.001600
29	54	3	100	84790	2.001600
7	60	3	100	20200	2.001600
21	51	3	100	2641360	2.001600
21	53	3	100	293360	2.001600
11	55	3	100	709020	2.001600
8	55	3	100	1350	2.001600
30	77	3	100	550	2.001600
9	79	3	100	13420	2.001600
24	59	3	100	113480	2.001600
35	63	3	100	297800	2.001600
18	54	3	100	78920	2.001600
34	89	3	100	922660	2.001600
7	64	3	100	721810	2.001600
23	82	3	100	436000	2.001600
3	64	3	100	128310	2.001600
38	86	3	100	101770	2.001600
4	67	3	100	162110	2.001600
37	62	3	100	52090	2.001600
26	71	3	100	19390	2.001600
6	70	3	100	438730	2.001600
32	90	3	100	86610	2.001600
16	51	3	100	703440	2.001600
26	81	3	100	124020	2.001600
37	52	3	100	8990	2.001600
16	54	3	100	3300	2.001600
23	59	3	100	234060	2.001600
38	83	3	100	30640	2.001600
4	89	3	100	3082700	2.001600
15	69	3	100	12650	2.001600
29	67	3	100	478910	2.001600
24	52	3	100	67330	2.001600
33	78	3	100	239720	2.001600
27	75	3	100	247820	2.001600
25	72	3	100	401920	2.001600
15	70	3	100	93430	2.001600
9	63	3	100	1280	2.001600
14	66	3	100	3980	2.001600
9	60	3	100	25490	2.001600
15	56	3	100	360710	2.001600
14	55	3	100	204950	2.001600
8	53	3	100	14760	2.001600
17	78	3	100	248170	2.001600
1	82	3	100	68090	2.001600
28	52	3	100	90610	2.001600
1	83	3	100	17970	2.001600
27	62	3	100	11600	2.001600
38	74	3	100	1581160	2.001600
13	84	3	100	2319190	2.001600
16	87	3	100	67470	2.001600
13	90	3	100	2474290	2.001600
10	84	3	100	73220	2.001600
40	84	3	100	1787720	2.001600
23	62	3	100	19650	2.001600
22	77	3	100	375170	2.001600
7	72	3	100	107350	2.001600
9	73	3	100	38990	2.001600
22	59	3	100	1715770	2.001600
14	75	3	100	10330	2.001600
26	61	3	100	2533860	2.001600
16	75	3	100	23040	2.001600
35	83	3	100	29910	2.001600
37	52	3	100	393120	2.001600
19	84	3	100	121450	2.001600
3	60	3	100	3080950	2.001600
14	57	3	100	483700	2.001600
2	53	3	100	46930	2.001600
2	90	3	100	303990	2.001600
21	83	3	100	271160	2.001600
7	59	3	100	1249570	2.001600
14	68	3	100	89630	2.001600
3	79	3	100	164880	2.001600
28	62	3	100	95470	2.001600
8	67	3	100	260950	2.001600
38	77	3	100	154990	2.001600
17	55	3	100	127280	2.001600
7	74	3	100	358950	2.001600
38	62	3	100	91760	2.001600
8	86	3	100	619010	2.001600
31	53	3	100	176620	2.001600
10	55	3	100	442510	2.001600
9	71	3	100	155610	2.001600
9	70	3	100	1220	2.001600
1	86	3	100	98840	2.001600
37	70	3	100	105220	2.001600
12	54	3	100	52470	2.001600
25	81	3	100	165370	2.001600
31	57	3	100	196600	2.001600
36	59	3	100	25530	2.001600
30	83	3	100	30530	2.001600
14	76	3	100	92320	2.001600
25	70	3	100	428970	2.001600
34	85	3	100	219900	2.001600
25	68	3	100	740	2.001600
12	53	3	100	108060	2.001600
34	74	3	100	285960	2.001600
8	61	3	100	14740	2.001600
34	62	3	100	180700	2.001600
6	55	3	100	74770	2.001600
14	64	3	100	210860	2.001600
13	81	3	100	3630	2.001600
13	77	3	100	212470	2.001600
5	68	3	100	52260	2.001600
26	56	3	100	280320	2.001600
19	61	3	100	384400	2.001600
8	57	3	100	600	2.001600
35	70	3	100	149620	2.001600
5	55	3	100	66120	2.001600
21	79	3	100	139180	2.001600
34	66	3	100	740	2.001600
18	54	3	100	58100	2.001600
40	85	3	100	27630	2.001600
16	68	3	100	412330	2.001600
2	52	3	100	9600	2.001600
26	67	3	100	978230	2.001600
12	70	3	100	325980	2.001600
22	63	3	100	13470	2.001600
22	56	3	100	2284820	2.001600
22	57	3	100	345450	2.001600
5	81	3	100	117360	2.001600
6	52	3	100	3066540	2.001600
11	89	3	100	140720	2.001600
21	54	3	100	2449640	2.001600
30	71	3	100	10180	2.001600
8	68	3	100	79450	2.001600
23	54	3	100	930	2.001600
21	52	3	100	1440	2.001600
16	53	3	100	87590	2.001600
10	58	3	100	94630	2.001600
5	64	3	100	106820	2.001600
34	88	3	100	51860	2.001600
12	73	3	100	11800	2.001600
14	53	3	100	85310	2.001600
5	73	3	100	248260	2.001600
40	58	3	100	21390	2.001600
38	85	3	100	224180	2.001600
34	59	3	100	1341140	2.001600
35	60	3	100	144630	2.001600
38	78	3	100	268920	2.001600
23	61	3	100	2850230	2.001600
18	63	3	100	356610	2.001600
25	64	3	100	49790	2.001600
9	54	3	100	233280	2.001600
21	60	3	100	1290	2.001600
1	80	3	100	18160	2.001600
11	51	3	100	13250	2.001600
35	60	3	100	2496660	2.001600
7	61	3	100	1249790	2.001600
18	61	3	100	306350	2.001600
3	86	3	100	871770	2.001600
4	82	3	100	2600930	2.001600
20	73	3	100	290790	2.001600
11	76	3	100	126140	2.001600
17	87	3	100	470210	2.001600
38	84	3	100	960	2.001600
25	78	3	100	273840	2.001600
11	68	3	100	900	2.001600
4	73	3	100	195930	2.001600
9	68	3	100	124740	2.001600
1	56	3	100	231950	2.001600
40	77	3	100	10180	2.001600
33	68	3	100	2890	2.001600
24	60	3	100	99310	2.001600
13	76	3	100	105190	2.001600
5	59	3	100	139890	2.001600
32	51	3	100	220760	2.001600
5	75	3	100	803050	2.001600
10	70	3	100	429650	2.001600
8	57	3	100	1789550	2.001600
28	80	3	100	906570	2.001600
22	70	3	100	176290	2.001600
29	66	3	100	4250	2.001600
6	89	3	100	1190	2.001600
29	88	3	100	11010	2.001600
29	63	3	100	27760	2.001600
35	87	3	100	74610	2.001600
26	58	3	100	456360	2.001600
36	63	3	100	260350	2.001600
36	51	3	100	1076680	2.001600
23	67	3	100	153300	2.001600
33	79	3	100	140380	2.001600
20	86	3	100	26610	2.001600
29	73	3	100	34670	2.002000
12	75	3	100	37940	2.002000
20	64	3	100	145860	2.002000
10	58	3	100	364220	2.002000
16	60	3	100	1115500	2.002000
17	55	3	100	327760	2.002000
12	73	3	100	231380	2.002000
39	58	3	100	41920	2.002000
38	79	3	100	113530	2.002000
30	67	3	100	96690	2.002000
7	71	3	100	34710	2.002000
26	66	3	100	1047560	2.002000
31	56	3	100	202930	2.002000
29	71	3	100	8540	2.002000
21	68	3	100	59780	2.002000
24	63	3	100	27410	2.002000
30	59	3	100	482770	2.002000
40	68	3	100	494860	2.002000
7	82	3	100	2619670	2.002000
21	61	3	100	14450	2.002000
37	63	3	100	137850	2.002000
18	68	3	100	414690	2.002000
38	76	3	100	2542630	2.002000
8	73	3	100	297270	2.002000
29	81	3	100	65460	2.002000
36	56	3	100	39920	2.002000
19	74	3	100	45910	2.002000
37	69	3	100	5090	2.002000
33	89	3	100	74390	2.002000
23	74	3	100	476540	2.002000
7	84	3	100	346810	2.002000
2	73	3	100	740	2.002000
20	74	3	100	241930	2.002000
38	62	3	100	915210	2.002000
19	77	3	100	487290	2.002000
29	82	3	100	243050	2.002000
33	87	3	100	1780480	2.002000
14	89	3	100	1380	2.002000
25	70	3	100	26150	2.002000
22	53	3	100	174440	2.002000
35	56	3	100	59600	2.002000
26	65	3	100	98620	2.002000
14	70	3	100	83230	2.002000
6	58	3	100	2510	2.002000
19	84	3	100	3620	2.002000
27	67	3	100	1302870	2.002000
15	78	3	100	92570	2.002000
22	81	3	100	2697590	2.002000
6	72	3	100	11290	2.002000
2	80	3	100	2920430	2.002000
24	53	3	100	1520	2.002000
13	66	3	100	520	2.002000
34	69	3	100	3100220	2.002000
36	71	3	100	234550	2.002000
13	63	3	100	11100	2.002000
22	54	3	100	112350	2.002000
13	82	3	100	86160	2.002000
37	58	3	100	2158210	2.002000
24	55	3	100	140910	2.002000
11	80	3	100	258470	2.002000
3	67	3	100	1530630	2.002000
17	80	3	100	8350	2.002000
35	71	3	100	2404340	2.002000
22	81	3	100	2759130	2.002000
30	74	3	100	80960	2.002000
2	68	3	100	97640	2.002000
33	58	3	100	376370	2.002000
2	86	3	100	277350	2.002000
17	61	3	100	17590	2.002000
24	67	3	100	376900	2.002000
37	62	3	100	256870	2.002000
17	52	3	100	223590	2.002000
15	51	3	100	124840	2.002000
4	76	3	100	155870	2.002000
21	88	3	100	1433650	2.002000
29	74	3	100	31770	2.002000
1	55	3	100	57300	2.002000
8	73	3	100	161480	2.002000
16	83	3	100	360230	2.002000
28	71	3	100	990	2.002000
18	70	3	100	112820	2.002000
1	77	3	100	33200	2.002000
2	71	3	100	2013650	2.002000
2	51	3	100	200230	2.002000
22	51	3	100	5630	2.002000
34	69	3	100	10550	2.002000
7	75	3	100	61110	2.002000
2	76	3	100	800	2.002000
5	57	3	100	12430	2.002000
31	54	3	100	13020	2.002000
18	56	3	100	383530	2.002000
20	86	3	100	890	2.002000
35	57	3	100	2087200	2.002000
14	71	3	100	690	2.002000
30	59	3	100	1956830	2.002000
27	62	3	100	34200	2.002000
7	83	3	100	108360	2.002000
12	89	3	100	477590	2.002000
24	83	3	100	10170	2.002000
27	63	3	100	299540	2.002000
39	82	3	100	183050	2.002000
30	69	3	100	40420	2.002000
2	78	3	100	12350	2.002000
19	77	3	100	1590740	2.002000
25	59	3	100	125730	2.002000
27	58	3	100	361650	2.002000
31	71	3	100	1121000	2.002000
9	72	3	100	1632240	2.002000
29	83	3	100	24360	2.002000
23	63	3	100	267100	2.002000
21	76	3	100	225700	2.002000
30	82	3	100	1530	2.002000
38	67	3	100	15620	2.002000
37	82	3	100	100700	2.002000
24	60	3	100	97890	2.002000
17	81	3	100	105480	2.002000
31	82	3	100	87650	2.002000
18	71	3	100	520	2.002000
8	84	3	100	407350	2.002000
4	76	3	100	660	2.002000
22	57	3	100	1043680	2.002000
25	53	3	100	247940	2.002000
36	80	3	100	8960	2.002000
27	75	3	100	238600	2.002000
32	63	3	100	77240	2.002000
9	69	3	100	96610	2.002000
4	60	3	100	10150	2.002000
23	58	3	100	59710	2.002000
33	73	3	100	151340	2.002000
38	68	3	100	1480110	2.002000
24	67	3	100	74310	2.002000
37	73	3	100	31580	2.002000
21	60	3	100	28680	2.002000
6	78	3	100	441540	2.002000
13	67	3	100	461990	2.002000
1	64	3	100	51520	2.002000
22	86	3	100	930	2.002000
34	73	3	100	200170	2.002000
39	56	3	100	39250	2.002000
10	69	3	100	193850	2.002000
30	53	3	100	103100	2.002000
37	69	3	100	525700	2.002000
5	62	3	100	366180	2.002000
25	68	3	100	278450	2.002000
31	86	3	100	109230	2.002000
26	66	3	100	2107660	2.002000
20	67	3	100	2287230	2.002000
1	64	3	100	823260	2.002000
19	64	3	100	200290	2.002000
17	64	3	100	35650	2.002000
13	87	3	100	2579280	2.002000
4	80	3	100	265800	2.002000
26	52	3	100	38110	2.002000
30	70	3	100	690	2.002000
22	84	3	100	1404630	2.002000
36	72	3	100	122190	2.002000
10	85	3	100	473540	2.002000
35	60	3	100	4670	2.002000
28	87	3	100	1956250	2.002000
22	76	3	100	7930	2.002000
12	72	3	100	1438580	2.002000
20	74	3	100	1300	2.002000
39	70	3	100	14390	2.002000
14	71	3	100	11910	2.002000
8	87	3	100	1319800	2.002000
5	62	3	100	242590	2.002000
11	51	3	100	318160	2.002000
8	63	3	100	41840	2.002000
7	56	3	100	12610	2.002000
39	80	3	100	2295960	2.002000
23	64	3	100	14830	2.002000
20	70	3	100	435460	2.002000
22	58	3	100	497910	2.002000
6	72	3	100	970	2.002000
15	77	3	100	11930	2.002000
21	72	3	100	1851850	2.002000
19	54	3	100	12720	2.002000
12	82	3	100	32550	2.002000
25	54	3	100	20440	2.002000
25	54	3	100	338290	2.002000
18	62	3	100	1339290	2.002000
27	53	3	100	279900	2.002000
8	87	3	100	13600	2.002000
25	60	3	100	2326190	2.002000
13	74	3	100	11030	2.002000
20	75	3	100	423940	2.002000
23	79	3	100	1125050	2.002000
12	64	3	100	760	2.002000
23	89	3	100	367180	2.002000
40	69	3	100	384450	2.002000
7	67	3	100	250170	2.002000
19	52	3	100	55730	2.002000
28	66	3	100	113090	2.002000
35	61	3	100	224060	2.002000
34	83	3	100	28190	2.002000
3	62	3	100	16430	2.002000
2	63	3	100	152100	2.002000
27	66	3	100	20840	2.002000
23	81	3	100	309360	2.002000
35	61	3	100	141420	2.002000
20	63	3	100	298310	2.002000
6	83	3	100	860	2.002000
16	75	3	100	102340	2.002000
27	52	3	100	1241850	2.002000
4	62	3	100	45190	2.002000
1	54	3	100	1021000	2.002000
32	80	3	100	301570	2.002000
3	62	3	100	540	2.002000
3	52	3	100	19880	2.002000
3	51	3	100	29730	2.002000
32	53	3	100	2938910	2.002000
27	85	3	100	269130	2.002000
32	63	3	100	33180	2.002000
27	73	3	100	143010	2.002000
8	60	3	100	171540	2.002000
17	89	3	100	173790	2.002000
18	89	3	100	3760	2.002000
11	64	3	100	1044400	2.002000
31	63	3	100	1319960	2.002000
3	70	3	100	262300	2.002000
13	53	3	100	33130	2.002000
20	63	3	100	98880	2.002000
4	51	3	100	1392950	2.002000
4	62	3	100	272920	2.002000
34	63	3	100	259330	2.002000
19	53	3	100	96040	2.002000
2	89	3	100	409470	2.002000
14	60	3	100	93020	2.002000
13	65	3	100	1987150	2.002000
17	80	3	100	13960	2.002000
22	70	3	100	203040	2.002000
28	85	3	100	26030	2.002000
16	53	3	100	231840	2.002000
38	66	3	100	2753890	2.002000
24	59	3	100	157880	2.002000
26	77	3	100	244910	2.002000
8	59	3	100	28870	2.002000
30	70	3	100	281100	2.002000
32	73	3	100	124280	2.002000
17	72	3	100	13130	2.002000
32	87	3	100	494810	2.002000
33	84	3	100	16330	2.002000
40	77	3	100	100920	2.002000
36	74	3	100	3070110	2.002000
31	65	3	100	376250	2.002000
30	63	3	100	1487830	2.002000
6	65	3	100	243240	2.002000
20	78	3	100	3124020	2.002000
4	81	3	100	522830	2.002000
12	61	3	100	109710	2.002000
16	71	3	100	22200	2.002000
20	83	3	100	1469150	2.002000
27	62	3	100	1329810	2.002000
17	60	3	100	11520	2.002000
22	59	3	100	1258040	2.002400
8	80	3	100	14980	2.002400
38	77	3	100	98660	2.002400
39	71	3	100	87100	2.002400
7	79	3	100	207150	2.002400
9	60	3	100	24000	2.002400
20	52	3	100	43730	2.002400
30	75	3	100	539770	2.002400
30	51	3	100	185960	2.002400
18	65	3	100	3052140	2.002400
27	61	3	100	160100	2.002400
4	80	3	100	74790	2.002400
7	57	3	100	600	2.002400
32	80	3	100	131500	2.002400
13	66	3	100	1486570	2.002400
5	52	3	100	23020	2.002400
21	51	3	100	5890	2.002400
28	68	3	100	2419760	2.002400
37	62	3	100	84820	2.002400
37	74	3	100	82020	2.002400
33	87	3	100	283640	2.002400
10	83	3	100	100760	2.002400
28	70	3	100	2307380	2.002400
3	57	3	100	19180	2.002400
9	60	3	100	13500	2.002400
28	59	3	100	27380	2.002400
8	66	3	100	2563670	2.002400
15	62	3	100	1830	2.002400
15	60	3	100	410730	2.002400
5	56	3	100	39910	2.002400
12	84	3	100	458960	2.002400
24	62	3	100	56650	2.002400
24	80	3	100	87100	2.002400
21	86	3	100	256750	2.002400
22	53	3	100	16380	2.002400
9	75	3	100	6810	2.002400
2	65	3	100	342950	2.002400
28	82	3	100	311180	2.002400
25	70	3	100	21630	2.002400
23	76	3	100	10490	2.002400
23	54	3	100	169610	2.002400
7	55	3	100	8250	2.002400
37	74	3	100	31140	2.002400
3	72	3	100	12600	2.002400
32	70	3	100	353610	2.002400
16	79	3	100	296260	2.002400
23	84	3	100	195980	2.002400
24	63	3	100	2172080	2.002400
21	66	3	100	165920	2.002400
6	61	3	100	51100	2.002400
21	78	3	100	43000	2.002400
6	73	3	100	1060990	2.002400
17	70	3	100	43710	2.002400
33	55	3	100	15750	2.002400
40	78	3	100	170320	2.002400
32	90	3	100	18580	2.002400
32	64	3	100	360330	2.002400
29	90	3	100	7870	2.002400
1	80	3	100	185390	2.002400
28	81	3	100	136000	2.002400
15	81	3	100	85680	2.002400
25	86	3	100	14150	2.002400
1	61	3	100	469480	2.002400
23	88	3	100	170190	2.002400
11	81	3	100	265550	2.002400
33	77	3	100	114780	2.002400
12	53	3	100	51670	2.002400
2	68	3	100	25130	2.002400
29	59	3	100	2690	2.002400
34	53	3	100	390380	2.002400
38	55	3	100	178770	2.002400
19	82	3	100	231180	2.002400
12	51	3	100	130350	2.002400
36	87	3	100	10630	2.002400
35	52	3	100	3850	2.002400
39	66	3	100	1940	2.002400
19	52	3	100	610	2.002400
23	59	3	100	229700	2.002400
14	56	3	100	2936780	2.002400
10	53	3	100	40030	2.002400
11	62	3	100	77300	2.002400
33	53	3	100	76930	2.002400
5	90	3	100	12500	2.002400
20	70	3	100	441770	2.002400
11	80	3	100	720	2.002400
38	54	3	100	129270	2.002400
7	65	3	100	248660	2.002400
6	62	3	100	290100	2.002400
34	74	3	100	153540	2.002400
5	56	3	100	2557860	2.002400
1	70	3	100	399530	2.002400
9	69	3	100	135760	2.002400
11	86	3	100	2080280	2.002400
30	51	3	100	236310	2.002400
10	61	3	100	17510	2.002400
23	68	3	100	19020	2.002400
38	60	3	100	437620	2.002400
1	58	3	100	543670	2.002400
22	76	3	100	104280	2.002400
18	56	3	100	15730	2.002400
37	69	3	100	124930	2.002400
27	51	3	100	159980	2.002400
36	67	3	100	97680	2.002400
19	85	3	100	218470	2.002400
30	79	3	100	1170	2.002400
40	79	3	100	194090	2.002400
2	87	3	100	123480	2.002400
37	67	3	100	191810	2.002400
36	69	3	100	16890	2.002400
18	66	3	100	359810	2.002400
34	51	3	100	136690	2.002400
11	57	3	100	274810	2.002400
34	72	3	100	19050	2.002400
31	71	3	100	481670	2.002400
39	67	3	100	56710	2.002400
12	78	3	100	2755710	2.002400
12	69	3	100	191030	2.002400
39	60	3	100	2607610	2.002400
21	80	3	100	442050	2.002400
7	89	3	100	2817060	2.002400
35	84	3	100	60010	2.002400
35	86	3	100	35810	2.002400
7	81	3	100	192160	2.002400
5	66	3	100	64270	2.002400
27	67	3	100	255490	2.002400
32	79	3	100	225570	2.002400
37	60	3	100	144140	2.002400
31	59	3	100	22220	2.002400
28	82	3	100	1519480	2.002400
18	79	3	100	15730	2.002400
13	76	3	100	12940	2.002400
39	56	3	100	434260	2.002400
13	80	3	100	94660	2.002400
30	87	3	100	207000	2.002400
7	89	3	100	159840	2.002400
10	67	3	100	346090	2.002400
38	87	3	100	12100	2.002400
35	74	3	100	96550	2.002400
19	82	3	100	918230	2.002400
27	53	3	100	488170	2.002400
2	66	3	100	111060	2.002400
21	61	3	100	100200	2.002400
32	61	3	100	496320	2.002400
1	56	3	100	2082370	2.002400
19	53	3	100	218880	2.002400
19	54	3	100	74880	2.002400
25	76	3	100	1527260	2.002400
20	55	3	100	8400	2.002400
17	58	3	100	2019530	2.002400
9	66	3	100	147030	2.002400
14	77	3	100	214350	2.002400
38	84	3	100	212500	2.002400
18	75	3	100	230790	2.002400
11	58	3	100	150990	2.002400
13	66	3	100	510	2.002400
28	53	3	100	366290	2.002400
9	57	3	100	210560	2.002400
40	67	3	100	1273060	2.002400
3	71	3	100	293030	2.002400
16	56	3	100	600	2.002400
16	80	3	100	3025680	2.002400
19	62	3	100	74490	2.002400
4	69	3	100	234620	2.002400
25	51	3	100	240850	2.002400
27	71	3	100	2365410	2.002400
11	85	3	100	16150	2.002400
11	59	3	100	1504370	2.002400
32	69	3	100	84930	2.002400
1	79	3	100	2655400	2.002400
32	60	3	100	35230	2.002400
17	67	3	100	26610	2.002400
32	82	3	100	325540	2.002400
1	87	3	100	70030	2.002400
2	76	3	100	369280	2.002400
27	66	3	100	1155190	2.002400
15	72	3	100	2031130	2.002400
30	54	3	100	434900	2.002400
37	84	3	100	127120	2.002400
34	54	3	100	32300	2.002400
35	52	3	100	92180	2.002400
35	68	3	100	2980	2.002400
19	80	3	100	55520	2.002400
37	88	3	100	15320	2.002400
4	62	3	100	123230	2.002400
7	60	3	100	2197990	2.002400
29	74	3	100	327630	2.002400
1	56	3	100	304860	2.002400
29	85	3	100	198460	2.002400
23	66	3	100	510280	2.002400
35	69	3	100	84070	2.002400
3	82	3	100	283150	2.002400
18	71	3	100	1659530	2.002400
36	58	3	100	979450	2.002400
21	55	3	100	53290	2.002400
28	86	3	100	6870	2.002400
25	78	3	100	39080	2.002400
31	55	3	100	28430	2.002400
1	71	3	100	34930	2.002400
4	86	3	100	19840	2.002400
23	61	3	100	208090	2.002400
27	80	3	100	46120	2.002400
2	85	3	100	2718360	2.002400
36	54	3	100	448500	2.002400
20	76	3	100	220080	2.002400
22	78	3	100	224430	2.002400
24	56	3	100	1209710	2.002400
31	89	3	100	459740	2.002400
24	87	3	100	261820	2.002400
13	58	3	100	213580	2.002400
30	83	3	100	42320	2.002400
37	74	3	100	348900	2.002400
33	88	3	100	43990	2.002400
16	86	3	100	769340	2.002400
16	69	3	100	340540	2.002400
3	65	3	100	21200	2.002400
21	81	3	100	11070	2.002400
40	69	3	100	427890	2.002400
15	70	3	100	2654330	2.002400
28	52	3	100	26520	2.002400
11	89	3	100	422030	2.002400
28	53	3	100	480270	2.002400
8	56	3	100	1266270	2.002400
1	53	3	100	1997150	2.002400
11	81	3	100	265130	2.002400
5	82	3	100	21420	2.002400
28	66	3	100	167980	2.002400
38	61	3	100	48560	2.002400
12	65	3	100	191260	2.002400
33	86	3	100	1500	2.002400
27	74	3	100	210870	2.002400
32	88	3	100	385780	2.002400
7	89	3	100	1213600	2.002400
12	55	3	100	483970	2.002400
40	56	3	100	258530	2.002400
1	52	3	100	448580	2.002400
33	64	3	100	112870	2.002400
32	85	3	100	39050	2.002400
32	59	3	100	112580	2.002400
29	78	3	100	140990	2.002400
27	53	3	100	43380	2.002400
9	54	3	100	21480	2.002400
35	86	3	100	160260	2.002400
20	69	3	100	2570200	2.002400
38	59	3	100	4220	2.002400
3	65	3	100	99600	2.002400
10	87	3	100	808050	2.002400
30	70	3	100	1521380	2.002400
38	86	3	100	34330	2.002400
35	65	3	100	10450	2.002400
30	83	3	100	2971170	2.002400
20	61	3	100	1670	2.002400
17	74	3	100	137580	2.002400
7	65	3	100	1975470	2.002400
19	71	3	100	124660	2.002400
16	53	3	100	25850	2.002400
20	74	3	100	127840	2.002400
15	83	3	100	309090	2.002400
38	52	3	100	378680	2.002400
3	62	3	100	1963840	2.002400
32	77	3	100	92790	2.002400
2	61	3	100	129290	2.002400
17	69	3	100	770	2.002400
26	69	3	100	610	2.002400
38	58	3	100	15550	2.002400
31	64	3	100	219930	2.002400
1	68	3	100	700	2.002400
9	58	3	100	2741970	2.002400
13	84	3	100	100850	2.002400
35	77	3	100	540	2.002400
5	52	3	100	3610	2.002400
9	82	3	100	363770	2.002400
10	66	3	100	1130930	2.002400
3	73	3	100	8900	2.002400
40	68	3	100	1937380	2.002400
7	90	3	100	1430	2.002400
3	83	3	100	433970	2.002400
10	60	3	100	125030	2.002400
38	76	3	100	741200	2.002400
35	56	3	100	193020	2.002400
40	54	3	100	110760	2.002400
31	90	3	100	10140	2.002400
17	81	3	100	205340	2.002400
36	55	3	100	166490	2.002400
25	83	3	100	930480	2.002400
19	75	3	100	540	2.002400
28	51	3	100	253680	2.002400
21	89	3	100	14730	2.002400
16	85	3	100	148050	2.002400
33	71	3	100	293750	2.002400
36	53	3	100	1439870	2.002400
8	81	3	100	183250	2.002400
14	89	3	100	869920	2.002400
12	59	3	100	78380	2.002400
14	57	3	100	2257390	2.002400
36	85	3	100	116580	2.002400
32	65	3	100	1146990	2.002400
37	72	3	100	126810	2.002400
22	60	3	100	3790	2.002400
16	82	3	100	293010	2.002400
34	69	3	100	10540	2.002400
21	52	3	100	105120	2.002400
9	84	3	100	10970	2.002400
19	66	3	100	927050	2.002400
23	69	3	100	207040	2.002400
10	71	3	100	75510	2.002400
5	82	3	100	78970	2.002400
12	51	3	100	880	2.002400
11	64	3	100	315220	2.002400
15	82	3	100	199760	2.002400
15	57	3	100	510	2.002400
16	67	3	100	79980	2.002400
33	54	3	100	8860	2.002400
10	71	3	100	352840	2.002400
37	61	3	100	10870	2.002400
21	62	3	100	2938080	2.002400
2	58	3	100	394800	2.002400
16	73	3	100	500060	2.002400
27	75	3	100	293090	2.002400
3	54	3	100	216200	2.002400
15	90	3	100	569590	2.002400
38	58	3	100	232360	2.002400
2	80	3	100	970	2.002400
27	59	3	100	203010	2.002400
12	51	3	100	297310	2.002400
3	72	3	100	1260	2.002800
6	82	3	100	25740	2.002800
4	56	3	100	12220	2.002800
34	74	3	100	460770	2.002800
11	76	3	100	1700810	2.002800
22	85	3	100	23500	2.002800
39	54	3	100	407640	2.002800
9	55	3	100	178300	2.002800
13	59	3	100	108640	2.002800
40	76	3	100	39940	2.002800
40	62	3	100	344060	2.002800
11	81	3	100	250520	2.002800
23	69	3	100	29210	2.002800
25	85	3	100	780	2.002800
30	86	3	100	224960	2.002800
11	65	3	100	386710	2.002800
15	51	3	100	6180	2.002800
12	66	3	100	80130	2.002800
33	59	3	100	96790	2.002800
33	82	3	100	21020	2.002800
15	57	3	100	3560	2.002800
23	63	3	100	147810	2.002800
24	75	3	100	2305930	2.002800
10	86	3	100	1180	2.002800
2	55	3	100	250240	2.002800
22	57	3	100	12940	2.002800
22	89	3	100	17350	2.002800
11	55	3	100	205760	2.002800
38	60	3	100	124920	2.002800
37	79	3	100	157060	2.002800
26	80	3	100	356460	2.002800
20	62	3	100	21190	2.002800
37	53	3	100	69530	2.002800
28	75	3	100	106120	2.002800
5	56	3	100	311560	2.002800
20	64	3	100	83790	2.002800
18	78	3	100	210870	2.002800
3	57	3	100	1930	2.002800
2	82	3	100	1007630	2.002800
17	89	3	100	1190340	2.002800
35	65	3	100	2502280	2.002800
30	65	3	100	1555160	2.002800
1	73	3	100	151690	2.002800
4	85	3	100	41050	2.002800
16	70	3	100	515750	2.002800
24	73	3	100	79490	2.002800
12	70	3	100	32730	2.002800
14	68	3	100	899810	2.002800
38	84	3	100	155340	2.002800
29	64	3	100	118310	2.002800
38	65	3	100	15990	2.002800
19	77	3	100	10740	2.002800
5	63	3	100	1827180	2.002800
27	59	3	100	212920	2.002800
27	71	3	100	404700	2.002800
1	58	3	100	2676120	2.002800
20	54	3	100	51780	2.002800
1	74	3	100	3154730	2.002800
24	75	3	100	60680	2.002800
10	71	3	100	1713510	2.002800
1	73	3	100	104110	2.002800
25	84	3	100	113390	2.002800
9	66	3	100	13240	2.002800
4	66	3	100	233270	2.002800
11	87	3	100	301180	2.002800
28	78	3	100	510	2.002800
33	87	3	100	640	2.002800
24	78	3	100	19450	2.002800
34	76	3	100	24980	2.002800
39	59	3	100	289420	2.002800
19	79	3	100	4650	2.002800
39	59	3	100	24000	2.002800
23	64	3	100	110080	2.002800
2	60	3	100	428770	2.002800
37	60	3	100	428450	2.002800
2	52	3	100	90320	2.002800
6	57	3	100	234870	2.002800
35	82	3	100	68930	2.002800
36	84	3	100	154360	2.002800
20	53	3	100	13240	2.002800
4	72	3	100	287210	2.002800
25	85	3	100	266860	2.002800
34	56	3	100	15820	2.002800
37	65	3	100	23280	2.002800
37	89	3	100	244650	2.002800
16	78	3	100	600	2.002800
6	65	3	100	736790	2.002800
13	53	3	100	85190	2.002800
10	53	3	100	92500	2.002800
15	80	3	100	1580	2.002800
16	64	3	100	253380	2.002800
36	56	3	100	505910	2.002800
25	52	3	100	417470	2.002800
22	82	3	100	96230	2.002800
27	58	3	100	18740	2.002800
14	71	3	100	339670	2.002800
27	83	3	100	103210	2.002800
37	55	3	100	18000	2.002800
28	61	3	100	14920	2.002800
36	53	3	100	3038980	2.002800
35	85	3	100	236110	2.002800
9	82	3	100	1250	2.002800
24	68	3	100	389440	2.002800
1	66	3	100	127290	2.002800
7	67	3	100	1868080	2.002800
19	61	3	100	159740	2.002800
3	62	3	100	445950	2.002800
26	51	3	100	186190	2.002800
9	90	3	100	446040	2.002800
6	66	3	100	134120	2.002800
8	79	3	100	869130	2.002800
1	56	3	100	41670	2.002800
40	67	3	100	15640	2.002800
5	87	3	100	491200	2.002800
25	72	3	100	434930	2.002800
13	76	3	100	368220	2.002800
24	57	3	100	2958500	2.002800
33	70	3	100	227870	2.002800
31	69	3	100	371410	2.002800
31	69	3	100	18080	2.002800
24	73	3	100	139910	2.002800
3	82	3	100	163970	2.002800
18	83	3	100	19550	2.002800
11	76	3	100	89240	2.002800
13	61	3	100	131870	2.002800
32	83	3	100	457740	2.002800
36	53	3	100	2905190	2.002800
18	58	3	100	2728900	2.002800
34	88	3	100	153660	2.002800
30	71	3	100	164460	2.002800
39	80	3	100	183930	2.002800
16	57	3	100	9140	2.002800
12	78	3	100	18690	2.002800
6	54	3	100	939540	2.002800
10	59	3	100	89520	2.002800
26	74	3	100	2058620	2.002800
28	73	3	100	332750	2.002800
27	81	3	100	188040	2.002800
33	87	3	100	311500	2.002800
15	62	3	100	244100	2.002800
26	51	3	100	383830	2.002800
9	53	3	100	13540	2.002800
27	71	3	100	949500	2.002800
5	84	3	100	258030	2.002800
9	80	3	100	374530	2.002800
5	61	3	100	245690	2.002800
16	81	3	100	162200	2.002800
35	55	3	100	363870	2.002800
19	71	3	100	41880	2.002800
11	58	3	100	83280	2.002800
10	58	3	100	2609970	2.002800
18	78	3	100	83570	2.002800
23	70	3	100	221000	2.002800
29	77	3	100	409330	2.002800
6	54	3	100	71420	2.002800
20	59	3	100	428240	2.002800
29	87	3	100	357140	2.002800
5	77	3	100	97470	2.002800
11	75	3	100	49060	2.002800
22	74	3	100	157580	2.002800
1	64	3	100	457560	2.002800
14	71	3	100	74480	2.002800
8	58	3	100	386810	2.002800
26	88	3	100	100950	2.002800
26	69	3	100	125670	2.002800
35	69	3	100	2123800	2.002800
25	54	3	100	1790	2.002800
40	66	3	100	200000	2.002800
18	57	3	100	10650	2.002800
9	75	3	100	169220	2.002800
14	52	3	100	58990	2.002800
16	81	3	100	369120	2.002800
9	60	3	100	235330	2.002800
27	73	3	100	7900	2.002800
12	52	3	100	408460	2.002800
33	87	3	100	3300	2.002800
37	87	3	100	3129110	2.002800
32	61	3	100	35250	2.002800
28	78	3	100	268710	2.002800
15	71	3	100	48740	2.002800
24	81	3	100	314620	2.002800
18	71	3	100	426870	2.002800
10	59	3	100	131480	2.002800
20	51	3	100	195550	2.002800
17	74	3	100	1930900	2.002800
14	55	3	100	21260	2.002800
13	85	3	100	171060	2.002800
40	62	3	100	1830	2.002800
13	90	3	100	377010	2.002800
37	74	3	100	38790	2.002800
39	60	3	100	91830	2.002800
12	76	3	100	99790	2.002800
39	89	3	100	4510	2.002800
38	82	3	100	333780	2.002800
15	78	3	100	491920	2.002800
34	83	3	100	57170	2.002800
8	72	3	100	32300	2.002800
32	52	3	100	102790	2.002800
32	54	3	100	298940	2.002800
10	56	3	100	51650	2.002800
1	76	3	100	65210	2.002800
40	54	3	100	1642650	2.002800
20	55	3	100	1082200	2.002800
5	76	3	100	29800	2.002800
18	73	3	100	2001050	2.002800
12	66	3	100	19990	2.002800
14	56	3	100	170340	2.002800
23	75	3	100	26120	2.002800
18	52	3	100	930	2.002800
13	70	3	100	306580	2.002800
31	67	3	100	398280	2.002800
30	76	3	100	12250	2.002800
12	72	3	100	497470	2.002800
17	89	3	100	274460	2.002800
13	73	3	100	83890	2.002800
37	52	3	100	25790	2.002800
4	83	3	100	18620	2.002800
30	73	3	100	707750	2.002800
40	57	3	100	13230	2.002800
26	52	3	100	522740	2.002800
16	66	3	100	187760	2.002800
14	63	3	100	20970	2.002800
29	81	3	100	216680	2.002800
10	78	3	100	14090	2.002800
36	68	3	100	126640	2.002800
9	75	3	100	2946130	2.002800
24	77	3	100	43460	2.002800
14	58	3	100	148360	2.002800
6	75	3	100	121360	2.002800
25	53	3	100	1486120	2.002800
16	59	3	100	140090	2.002800
38	78	3	100	72510	2.002800
13	77	3	100	3410	2.002800
15	70	3	100	406630	2.002800
14	82	3	100	444340	2.002800
1	58	3	100	260840	2.002800
20	52	3	100	78600	2.002800
26	90	3	100	21320	2.002800
7	65	3	100	172400	2.002800
27	65	3	100	25690	2.002800
1	58	3	100	5030	2.002800
10	63	3	100	2460	2.002800
17	57	3	100	195090	2.002800
16	76	3	100	433230	2.002800
4	66	3	100	2840980	2.002800
1	69	3	100	123160	2.002800
33	62	3	100	433020	2.002800
1	70	3	100	56850	2.002800
33	67	3	100	1900	2.002800
29	51	3	100	66770	2.002800
20	80	3	100	54010	2.002800
5	84	3	100	560	2.002800
35	55	3	100	10670	2.002800
7	56	3	100	464900	2.002800
33	57	3	100	8060	2.002800
23	78	3	100	178310	2.002800
2	81	3	100	336390	2.002800
29	59	3	100	1920	2.002800
40	70	3	100	353320	2.002800
4	71	3	100	142070	2.002800
5	65	3	100	1593190	2.002800
28	80	3	100	1402730	2.002800
13	82	3	100	4450	2.002800
24	72	3	100	105250	2.002800
9	68	3	100	911120	2.002800
30	68	3	100	2693710	2.002800
32	52	3	100	390000	2.002800
29	52	3	100	2100530	2.002800
19	60	3	100	113000	2.002800
34	61	3	100	1920340	2.002800
3	54	3	100	209570	2.002800
21	77	3	100	990	2.002800
11	79	3	100	73810	2.002800
13	83	3	100	467080	2.002800
30	76	3	100	2503120	2.002800
1	57	3	100	118660	2.002800
12	62	3	100	2877420	2.002800
38	57	3	100	980	2.003200
19	86	3	100	50820	2.003200
38	85	3	100	40590	2.003200
18	87	3	100	10450	2.003200
3	58	3	100	25100	2.003200
8	52	3	100	341260	2.003200
7	69	3	100	10200	2.003200
15	66	3	100	1904340	2.003200
29	87	3	100	133660	2.003200
7	67	3	100	205010	2.003200
22	86	3	100	203960	2.003200
11	89	3	100	16110	2.003200
20	86	3	100	330390	2.003200
22	78	3	100	108070	2.003200
16	76	3	100	368450	2.003200
38	84	3	100	2594020	2.003200
5	90	3	100	20100	2.003200
4	77	3	100	283640	2.003200
39	81	3	100	90190	2.003200
25	75	3	100	414970	2.003200
24	66	3	100	292680	2.003200
10	64	3	100	1990	2.003200
33	53	3	100	47510	2.003200
38	73	3	100	23470	2.003200
40	86	3	100	1810	2.003200
10	76	3	100	19860	2.003200
22	57	3	100	282750	2.003200
22	89	3	100	11450	2.003200
22	63	3	100	221000	2.003200
9	88	3	100	108120	2.003200
18	82	3	100	1825290	2.003200
20	81	3	100	12500	2.003200
11	78	3	100	2103280	2.003200
5	56	3	100	2804140	2.003200
4	52	3	100	159360	2.003200
9	62	3	100	225910	2.003200
15	90	3	100	25640	2.003200
35	86	3	100	107980	2.003200
40	62	3	100	3680	2.003200
23	51	3	100	125790	2.003200
34	67	3	100	20790	2.003200
11	87	3	100	270840	2.003200
7	69	3	100	222800	2.003200
21	82	3	100	540	2.003200
12	73	3	100	164100	2.003200
5	58	3	100	393780	2.003200
22	76	3	100	513110	2.003200
24	63	3	100	153720	2.003200
6	61	3	100	262810	2.003200
2	51	3	100	1529710	2.003200
39	87	3	100	22960	2.003200
31	69	3	100	1950	2.003200
32	83	3	100	347330	2.003200
40	90	3	100	16870	2.003200
32	77	3	100	353640	2.003200
40	84	3	100	89770	2.003200
38	86	3	100	325210	2.003200
38	69	3	100	335080	2.003200
1	73	3	100	349730	2.003200
16	85	3	100	131520	2.003200
12	72	3	100	1796340	2.003200
28	89	3	100	112710	2.003200
27	76	3	100	28290	2.003200
30	53	3	100	190050	2.003200
8	58	3	100	2870710	2.003200
16	71	3	100	274140	2.003200
20	80	3	100	720	2.003200
28	63	3	100	1418270	2.003200
6	52	3	100	1490	2.003200
21	59	3	100	394150	2.003200
3	60	3	100	708120	2.003200
2	82	3	100	7840	2.003200
34	82	3	100	23650	2.003200
17	69	3	100	90600	2.003200
9	60	3	100	303380	2.003200
7	62	3	100	1580	2.003200
9	52	3	100	314120	2.003200
17	66	3	100	131820	2.003200
11	65	3	100	202830	2.003200
9	69	3	100	189890	2.003200
6	63	3	100	173350	2.003200
17	79	3	100	26360	2.003200
19	83	3	100	12370	2.003200
36	68	3	100	128750	2.003200
26	72	3	100	607050	2.003200
8	56	3	100	34940	2.003200
40	54	3	100	158500	2.003200
31	84	3	100	2546780	2.003200
40	73	3	100	28700	2.003200
21	80	3	100	127060	2.003200
11	83	3	100	691840	2.003200
23	75	3	100	147720	2.003200
32	86	3	100	510	2.003200
39	64	3	100	92580	2.003200
15	84	3	100	368150	2.003200
8	67	3	100	520	2.003200
33	60	3	100	2820	2.003200
27	59	3	100	171020	2.003200
7	82	3	100	2901670	2.003200
5	84	3	100	134020	2.003200
3	71	3	100	129850	2.003200
36	64	3	100	401490	2.003200
6	66	3	100	164400	2.003200
8	58	3	100	29830	2.003200
30	88	3	100	10810	2.003200
22	56	3	100	1260	2.003200
2	68	3	100	102750	2.003200
27	66	3	100	25960	2.003200
4	73	3	100	23360	2.003200
16	51	3	100	30820	2.003200
27	55	3	100	269870	2.003200
35	85	3	100	14030	2.003200
19	86	3	100	358500	2.003200
35	66	3	100	139030	2.003200
36	68	3	100	279870	2.003200
17	79	3	100	221510	2.003200
18	72	3	100	208620	2.003200
36	78	3	100	335780	2.003200
39	53	3	100	18060	2.003200
13	88	3	100	25710	2.003200
23	55	3	100	37120	2.003200
12	79	3	100	7010	2.003200
31	63	3	100	363480	2.003200
15	68	3	100	10680	2.003200
5	72	3	100	244000	2.003200
4	56	3	100	800	2.003200
7	59	3	100	303390	2.003200
3	78	3	100	94900	2.003200
6	90	3	100	142170	2.003200
12	53	3	100	54580	2.003200
25	60	3	100	185730	2.003200
12	52	3	100	97900	2.003200
15	60	3	100	157510	2.003200
16	88	3	100	229060	2.003200
15	59	3	100	274150	2.003200
37	76	3	100	695850	2.003200
28	88	3	100	95590	2.003200
31	71	3	100	1130	2.003200
1	68	3	100	268300	2.003200
35	52	3	100	2321530	2.003200
36	85	3	100	249280	2.003200
19	83	3	100	21190	2.003200
12	57	3	100	3133100	2.003200
8	79	3	100	119750	2.003200
2	54	3	100	2142040	2.003200
30	72	3	100	21810	2.003200
1	81	3	100	53660	2.003200
9	57	3	100	488740	2.003200
25	76	3	100	2084340	2.003200
36	78	3	100	2598850	2.003200
10	51	3	100	2030410	2.003200
11	89	3	100	24760	2.003200
12	87	3	100	495300	2.003200
4	74	3	100	14080	2.003200
3	75	3	100	2410	2.003200
19	75	3	100	2281900	2.003200
37	75	3	100	141240	2.003200
27	87	3	100	3031300	2.003200
2	89	3	100	479200	2.003200
4	83	3	100	271320	2.003200
37	69	3	100	141620	2.003200
34	70	3	100	155790	2.003200
10	64	3	100	43160	2.003200
2	74	3	100	887530	2.003200
31	60	3	100	199070	2.003200
20	83	3	100	76590	2.003200
2	86	3	100	280000	2.003200
8	59	3	100	92230	2.003200
20	64	3	100	149000	2.003200
36	76	3	100	81950	2.003200
35	78	3	100	205050	2.003200
21	54	3	100	204410	2.003200
16	73	3	100	10520	2.003200
32	71	3	100	718080	2.003200
9	88	3	100	192520	2.003200
4	63	3	100	2911960	2.003200
25	67	3	100	1943450	2.003200
15	80	3	100	12760	2.003200
28	70	3	100	102460	2.003200
10	90	3	100	10480	2.003200
9	66	3	100	11180	2.003200
38	87	3	100	108240	2.003200
20	53	3	100	840130	2.003200
32	66	3	100	127290	2.003200
27	69	3	100	38020	2.003200
12	71	3	100	3083210	2.003200
20	53	3	100	2276010	2.003200
13	52	3	100	2030	2.003200
7	76	3	100	81410	2.003200
37	82	3	100	57540	2.003200
40	77	3	100	620	2.003200
19	87	3	100	46220	2.003200
38	75	3	100	196440	2.003200
15	89	3	100	105010	2.003200
26	76	3	100	249960	2.003200
13	85	3	100	204950	2.003200
16	63	3	100	8450	2.003200
25	82	3	100	101530	2.003200
37	56	3	100	133020	2.003200
26	73	3	100	1564720	2.003200
28	84	3	100	270750	2.003200
14	61	3	100	75490	2.003200
17	84	3	100	331820	2.003200
34	88	3	100	498950	2.003200
39	88	3	100	57600	2.003200
16	74	3	100	303170	2.003200
19	82	3	100	239220	2.003200
24	56	3	100	15770	2.003200
13	89	3	100	2280	2.003200
39	70	3	100	107290	2.003200
34	84	3	100	11460	2.003200
33	71	3	100	58580	2.003200
5	74	3	100	440330	2.003200
36	89	3	100	10440	2.003200
16	52	3	100	242740	2.003200
36	78	3	100	88750	2.003200
31	90	3	100	510	2.003200
34	64	3	100	383760	2.003200
10	59	3	100	490100	2.003200
31	83	3	100	401230	2.003200
4	86	3	100	84790	2.003200
9	73	3	100	74250	2.003200
29	78	3	100	995320	2.003200
40	82	3	100	12240	2.003200
31	73	3	100	181320	2.003200
14	57	3	100	16000	2.003200
3	83	3	100	378450	2.003200
35	79	3	100	15320	2.003200
30	73	3	100	6960	2.003200
37	87	3	100	235310	2.003200
17	60	3	100	4620	2.003200
33	89	3	100	590	2.003200
20	55	3	100	99990	2.003200
24	68	3	100	620	2.003200
40	88	3	100	426800	2.003200
17	78	3	100	330170	2.003200
14	52	3	100	230080	2.003200
38	80	3	100	25590	2.003200
23	66	3	100	169190	2.003200
37	78	3	100	76210	2.003600
25	69	3	100	460230	2.003600
1	74	3	100	690	2.003600
40	71	3	100	40010	2.003600
5	64	3	100	241170	2.003600
39	54	3	100	21950	2.003600
12	81	3	100	2480	2.003600
36	59	3	100	341780	2.003600
31	86	3	100	21450	2.003600
29	65	3	100	88600	2.003600
21	56	3	100	78300	2.003600
38	58	3	100	54960	2.003600
33	60	3	100	14940	2.003600
8	90	3	100	97960	2.003600
16	81	3	100	1570	2.003600
7	79	3	100	57000	2.003600
29	51	3	100	202340	2.003600
22	56	3	100	10050	2.003600
38	71	3	100	1140	2.003600
6	77	3	100	127120	2.003600
24	69	3	100	2085470	2.003600
34	90	3	100	2283780	2.003600
30	53	3	100	3149290	2.003600
19	53	3	100	3038280	2.003600
23	69	3	100	650	2.003600
18	58	3	100	343070	2.003600
1	72	3	100	1000	2.003600
29	89	3	100	990	2.003600
5	71	3	100	2908730	2.003600
17	75	3	100	408560	2.003600
38	58	3	100	1881790	2.003600
26	83	3	100	46040	2.003600
21	59	3	100	1060330	2.003600
9	72	3	100	99750	2.003600
2	67	3	100	447240	2.003600
22	63	3	100	111650	2.003600
31	77	3	100	7590	2.003600
22	58	3	100	2850120	2.003600
30	54	3	100	30590	2.003600
4	65	3	100	598870	2.003600
3	57	3	100	36070	2.003600
25	89	3	100	599560	2.003600
9	79	3	100	176380	2.003600
20	87	3	100	200540	2.003600
6	57	3	100	2034270	2.003600
4	56	3	100	260520	2.003600
9	84	3	100	99010	2.003600
20	56	3	100	740	2.003600
31	53	3	100	246910	2.003600
22	71	3	100	47920	2.003600
31	67	3	100	13320	2.003600
3	64	3	100	216630	2.003600
9	80	3	100	6980	2.003600
19	72	3	100	574700	2.003600
5	51	3	100	160660	2.003600
7	73	3	100	800	2.003600
20	66	3	100	13890	2.003600
19	70	3	100	1790	2.003600
28	87	3	100	221710	2.003600
26	80	3	100	2238070	2.003600
40	70	3	100	2367270	2.003600
15	80	3	100	2248550	2.003600
1	87	3	100	1500480	2.003600
9	67	3	100	10420	2.003600
30	82	3	100	1441090	2.003600
18	76	3	100	901930	2.003600
4	55	3	100	528040	2.003600
18	83	3	100	130	2.003600
5	65	3	100	92030	2.003600
34	71	3	100	1976310	2.003600
17	53	3	100	117690	2.003600
17	72	3	100	246600	2.003600
3	75	3	100	11290	2.003600
18	86	3	100	11450	2.003600
9	67	3	100	1470	2.003600
12	54	3	100	127260	2.003600
23	80	3	100	2052570	2.003600
18	76	3	100	1460	2.003600
20	85	3	100	203880	2.003600
16	54	3	100	138770	2.003600
37	53	3	100	158770	2.003600
18	81	3	100	13310	2.003600
7	79	3	100	290980	2.003600
21	51	3	100	1075660	2.003600
40	77	3	100	2196970	2.003600
31	78	3	100	75880	2.003600
4	52	3	100	114120	2.003600
19	66	3	100	770	2.003600
8	56	3	100	580	2.003600
25	54	3	100	12990	2.003600
4	81	3	100	1476310	2.003600
5	75	3	100	227600	2.003600
12	74	3	100	106140	2.003600
5	89	3	100	289480	2.003600
39	57	3	100	463840	2.003600
17	88	3	100	298960	2.003600
6	52	3	100	10660	2.003600
29	51	3	100	127910	2.003600
23	83	3	100	112220	2.003600
1	59	3	100	1080	2.003600
40	76	3	100	510	2.003600
2	60	3	100	437820	2.003600
16	71	3	100	1319170	2.003600
36	68	3	100	406020	2.003600
10	58	3	100	2819570	2.003600
26	77	3	100	1396210	2.003600
2	62	3	100	343380	2.003600
19	88	3	100	114120	2.003600
6	87	3	100	530	2.003600
31	51	3	100	120320	2.003600
9	89	3	100	91700	2.003600
2	82	3	100	55610	2.003600
26	67	3	100	108380	2.003600
11	82	3	100	120570	2.003600
2	88	3	100	137810	2.003600
20	64	3	100	242180	2.003600
17	80	3	100	1378060	2.003600
20	77	3	100	46030	2.003600
26	76	3	100	146780	2.003600
7	80	3	100	57010	2.003600
16	85	3	100	292300	2.003600
4	73	3	100	3200	2.003600
26	66	3	100	495890	2.003600
32	90	3	100	47680	2.003600
8	58	3	100	209240	2.003600
14	87	3	100	2510	2.003600
31	70	3	100	244340	2.003600
24	72	3	100	314130	2.003600
22	87	3	100	172960	2.003600
37	83	3	100	958320	2.003600
36	59	3	100	73250	2.003600
36	56	3	100	134210	2.003600
5	57	3	100	201150	2.003600
16	67	3	100	144480	2.003600
27	70	3	100	73010	2.003600
8	69	3	100	84060	2.003600
33	51	3	100	186570	2.003600
25	90	3	100	1505020	2.003600
21	62	3	100	560	2.003600
10	84	3	100	2775650	2.003600
29	75	3	100	215140	2.003600
26	51	3	100	82100	2.003600
14	90	3	100	510	2.003600
30	67	3	100	1640	2.003600
15	56	3	100	870	2.003600
28	51	3	100	570	2.003600
18	56	3	100	112000	2.003600
15	55	3	100	246480	2.003600
26	76	3	100	1205270	2.003600
1	52	3	100	153660	2.003600
19	90	3	100	77910	2.003600
16	84	3	100	230810	2.003600
3	53	3	100	157240	2.003600
16	80	3	100	235500	2.003600
1	51	3	100	845070	2.003600
7	73	3	100	2302050	2.003600
39	84	3	100	1556470	2.003600
37	54	3	100	1098470	2.003600
17	52	3	100	160300	2.003600
5	54	3	100	122500	2.003600
13	86	3	100	55160	2.003600
33	51	3	100	2428000	2.003600
3	61	3	100	700	2.003600
39	53	3	100	75200	2.003600
27	63	3	100	540	2.003600
10	79	3	100	85020	2.003600
33	80	3	100	198810	2.003600
4	90	3	100	152010	2.003600
11	75	3	100	325980	2.003600
19	76	3	100	6780	2.003600
35	78	3	100	427840	2.003600
5	71	3	100	306040	2.003600
21	54	3	100	1480	2.003600
25	82	3	100	3113540	2.003600
23	60	3	100	94770	2.003600
5	67	3	100	851620	2.003600
16	53	3	100	15080	2.003600
27	78	3	100	19740	2.003600
33	62	3	100	175890	2.003600
13	78	3	100	84100	2.003600
31	70	3	100	247010	2.003600
38	68	3	100	172210	2.003600
8	78	3	100	22410	2.003600
28	87	3	100	2313680	2.003600
33	72	3	100	808990	2.003600
19	66	3	100	319730	2.003600
9	53	3	100	80720	2.003600
14	55	3	100	1059720	2.003600
27	52	3	100	164930	2.003600
7	71	3	100	424890	2.003600
17	74	3	100	169150	2.003600
24	70	3	100	15220	2.003600
10	86	3	100	370130	2.003600
40	53	3	100	55600	2.003600
39	68	3	100	213610	2.003600
23	56	3	100	360150	2.003600
3	72	3	100	173650	2.003600
9	81	3	100	1661330	2.003600
40	52	3	100	52490	2.003600
37	53	3	100	37610	2.003600
22	80	3	100	25610	2.003600
13	58	3	100	110530	2.003600
21	86	3	100	424040	2.003600
29	73	3	100	61070	2.003600
3	61	3	100	19200	2.003600
10	60	3	100	104980	2.003600
16	64	3	100	1445360	2.003600
9	57	3	100	2260	2.003600
37	58	3	100	187930	2.003600
15	73	3	100	249180	2.003600
34	71	3	100	60460	2.003600
8	75	3	100	11270	2.003600
35	52	3	100	925820	2.003600
9	70	3	100	359330	2.003600
32	67	3	100	139290	2.003600
2	64	3	100	34400	2.003600
16	63	3	100	14320	2.003600
38	68	3	100	244690	2.003600
38	73	3	100	10790	2.003600
32	81	3	100	94600	2.003600
22	67	3	100	24810	2.003600
31	80	3	100	253650	2.003600
19	69	3	100	47350	2.003600
11	84	3	100	1129290	2.003600
1	79	3	100	62110	2.003600
37	60	3	100	67800	2.003600
30	53	3	100	327740	2.003600
27	63	3	100	334390	2.003600
37	83	3	100	150300	2.003600
6	86	3	100	133990	2.003600
17	72	3	100	22570	2.003600
14	80	3	100	181530	2.003600
31	81	3	100	394830	2.003600
6	77	3	100	128930	2.003600
3	84	3	100	23860	2.003600
1	76	3	100	15880	2.003600
3	88	3	100	13010	2.003600
21	65	3	100	1020	2.003600
13	65	3	100	135960	2.003600
29	90	3	100	150730	2.003600
38	72	3	100	205020	2.003600
6	73	3	100	34110	2.003600
11	68	3	100	261230	2.003600
25	63	3	100	750	2.003600
10	69	3	100	1854160	2.003600
25	86	3	100	205290	2.003600
18	64	3	100	2729920	2.003600
20	65	3	100	1828330	2.003600
33	74	3	100	183420	2.003600
20	54	3	100	299530	2.003600
16	51	3	100	353060	2.003600
6	82	3	100	33820	2.003600
24	73	3	100	16500	2.003600
18	83	3	100	2757190	2.003600
1	56	3	100	225480	2.003600
1	81	3	100	196410	2.003600
27	75	3	100	209310	2.003600
5	60	3	100	120670	2.003600
14	82	3	100	285660	2.003600
13	89	3	100	250760	2.003600
34	87	3	100	19670	2.003600
16	53	3	100	12930	2.003600
24	71	3	100	107950	2.003600
29	61	3	100	98400	2.003600
38	73	3	100	292650	2.003600
30	68	3	100	105090	2.003600
19	85	3	100	79890	2.003600
36	52	3	100	31900	2.003600
36	88	3	100	21470	2.003600
9	81	3	100	79190	2.003600
9	60	3	100	49960	2.003600
34	69	3	100	10800	2.003600
15	63	3	100	2270	2.003600
33	80	3	100	107120	2.003600
29	64	3	100	2234670	2.003600
21	55	3	100	126290	2.003600
15	52	3	100	75410	2.003600
40	61	3	100	350170	2.003600
7	57	3	100	46460	2.003600
1	70	3	100	2726050	2.003600
12	77	3	100	911090	2.003600
38	52	3	100	923190	2.003600
4	63	3	100	376380	2.003600
15	53	3	100	377260	2.003600
23	69	3	100	98060	2.003600
26	87	3	100	100740	2.003600
16	65	3	100	19920	2.003600
34	60	3	100	174940	2.003600
32	52	3	100	141720	2.003600
17	53	3	100	541620	2.003600
17	65	3	100	283560	2.003600
