2725
26	68	3	100	1597670	2.000000
39	66	3	100	459710	2.000000
22	73	3	100	2086650	2.000000
3	54	3	100	650	2.000000
26	56	3	100	2362370	2.000004
21	67	3	100	35250	2.000004
31	69	3	100	185140	2.000004
1	75	3	100	220440	2.000004
25	88	3	100	293090	2.000004
15	68	3	100	313120	2.000004
3	77	3	100	280400	2.000004
13	65	3	100	186420	2.000008
9	57	3	100	260510	2.000012
11	69	3	100	29610	2.000012
27	56	3	100	19500	2.000016
34	54	3	100	2821960	2.000020
19	90	3	100	214020	2.000020
12	55	3	100	46300	2.000024
17	53	3	100	305870	2.000028
24	88	3	100	56510	2.000032
27	56	3	100	339390	2.000032
12	58	3	100	199240	2.000032
28	61	3	100	365900	2.000040
9	89	3	100	112470	2.000044
34	78	3	100	46890	2.000044
33	66	3	100	1443420	2.000044
24	86	3	100	305960	2.000044
1	63	3	100	268530	2.000048
12	75	3	100	104220	2.000048
6	62	3	100	186250	2.000048
24	73	3	100	260620	2.000048
27	68	3	100	1666680	2.000048
37	79	3	100	3145610	2.000052
6	85	3	100	14660	2.000052
25	55	3	100	964970	2.000052
33	73	3	100	95580	2.000052
3	78	3	100	115550	2.000052
15	80	3	100	15820	2.000056
21	53	3	100	20050	2.000056
1	82	3	100	24740	2.000056
14	88	3	100	322650	2.000056
10	88	3	100	222210	2.000064
22	74	3	100	358770	2.000064
8	88	3	100	372020	2.000068
20	60	3	100	32330	2.000068
8	51	3	100	1760	2.000076
28	69	3	100	162560	2.000076
36	90	3	100	23260	2.000076
31	63	3	100	86880	2.000080
24	84	3	100	236370	2.000080
39	78	3	100	22970	2.000084
38	80	3	100	32220	2.000084
9	71	3	100	710	2.000084
19	62	3	100	199450	2.000088
35	55	3	100	150020	2.000088
23	58	3	100	12600	2.000092
20	65	3	100	2301120	2.000092
23	74	3	100	2612000	2.000096
12	60	3	100	5080	2.000096
1	88	3	100	279580	2.000096
20	90	3	100	1376950	2.000100
14	89	3	100	26460	2.000100
38	88	3	100	472420	2.000100
14	56	3	100	2899590	2.000104
20	70	3	100	246260	2.000104
15	56	3	100	590680	2.000104
8	71	3	100	24820	2.000104
4	85	3	100	2770780	2.000104
17	60	3	100	11310	2.000108
3	80	3	100	570	2.000108
31	56	3	100	2530	2.000108
4	77	3	100	29840	2.000108
6	53	3	100	48790	2.000112
11	69	3	100	294750	2.000112
28	62	3	100	85610	2.000112
8	82	3	100	1350	2.000112
24	61	3	100	82410	2.000116
8	69	3	100	1020	2.000116
32	54	3	100	150890	2.000116
13	74	3	100	2575810	2.000116
18	71	3	100	162290	2.000120
16	89	3	100	17990	2.000124
37	72	3	100	117170	2.000124
14	81	3	100	243040	2.000128
10	57	3	100	467640	2.000128
39	69	3	100	202840	2.000128
35	69	3	100	2466540	2.000128
24	83	3	100	1844450	2.000128
33	57	3	100	236290	2.000128
17	61	3	100	979860	2.000132
8	67	3	100	2140060	2.000140
4	88	3	100	1275510	2.000140
19	64	3	100	26710	2.000140
1	68	3	100	1800	2.000144
11	56	3	100	570	2.000148
7	76	3	100	134300	2.000152
40	53	3	100	445270	2.000152
12	60	3	100	271180	2.000152
10	77	3	100	149980	2.000152
17	65	3	100	685210	2.000156
37	52	3	100	26680	2.000156
14	83	3	100	2952530	2.000156
39	60	3	100	302110	2.000160
3	80	3	100	1452340	2.000160
11	66	3	100	83620	2.000160
30	60	3	100	15840	2.000160
18	63	3	100	837480	2.000160
31	78	3	100	2699160	2.000164
40	69	3	100	1950	2.000164
12	57	3	100	99580	2.000164
6	75	3	100	86640	2.000164
36	89	3	100	169470	2.000164
23	61	3	100	116460	2.000168
17	60	3	100	143130	2.000168
13	65	3	100	154860	2.000168
11	68	3	100	5970	2.000172
14	80	3	100	291610	2.000172
25	79	3	100	20960	2.000172
14	78	3	100	1416410	2.000172
29	51	3	100	83050	2.000176
22	87	3	100	3490	2.000176
14	75	3	100	40110	2.000180
24	78	3	100	281900	2.000184
26	75	3	100	201030	2.000188
28	83	3	100	145490	2.000192
18	71	3	100	307960	2.000196
4	60	3	100	96790	2.000196
40	85	3	100	141250	2.000200
37	72	3	100	2053530	2.000200
34	89	3	100	2002600	2.000200
7	86	3	100	112120	2.000208
37	57	3	100	269600	2.000208
18	54	3	100	311480	2.000208
3	53	3	100	1828400	2.000212
19	66	3	100	2866300	2.000216
7	64	3	100	291420	2.000216
3	75	3	100	127580	2.000216
12	60	3	100	148300	2.000216
15	69	3	100	69950	2.000216
39	56	3	100	4490	2.000216
40	65	3	100	346530	2.000220
26	83	3	100	2818580	2.000220
36	81	3	100	313990	2.000220
3	60	3	100	105720	2.000224
5	74	3	100	380920	2.000228
34	88	3	100	2922670	2.000228
16	66	3	100	12930	2.000228
20	74	3	100	28900	2.000232
7	85	3	100	1400	2.000232
19	55	3	100	117240	2.000232
11	67	3	100	92830	2.000236
27	64	3	100	335790	2.000236
26	66	3	100	105500	2.000236
33	77	3	100	353460	2.000240
17	67	3	100	57640	2.000244
29	76	3	100	2571610	2.000252
5	85	3	100	750	2.000252
8	51	3	100	150480	2.000256
34	65	3	100	24520	2.000256
4	54	3	100	24210	2.000256
3	53	3	100	1084500	2.000260
7	58	3	100	106020	2.000264
22	64	3	100	442280	2.000264
31	88	3	100	750	2.000264
21	66	3	100	80330	2.000268
11	70	3	100	293000	2.000268
12	71	3	100	9690	2.000268
7	52	3	100	2739150	2.000268
1	58	3	100	221170	2.000268
4	86	3	100	344020	2.000268
11	86	3	100	82790	2.000272
1	60	3	100	56360	2.000272
35	69	3	100	111260	2.000272
14	86	3	100	2367540	2.000272
40	66	3	100	2672880	2.000272
7	87	3	100	45440	2.000276
19	70	3	100	436660	2.000276
34	56	3	100	103430	2.000276
13	54	3	100	102470	2.000280
5	73	3	100	30130	2.000280
24	55	3	100	2813640	2.000280
20	52	3	100	246480	2.000284
17	66	3	100	489710	2.000284
29	89	3	100	76090	2.000284
35	55	3	100	22360	2.000288
8	67	3	100	380640	2.000288
22	70	3	100	480	2.000288
18	53	3	100	21580	2.000288
25	55	3	100	355630	2.000292
26	83	3	100	128510	2.000292
37	52	3	100	45020	2.000292
29	67	3	100	15990	2.000292
36	80	3	100	96570	2.000296
15	71	3	100	1558450	2.000296
28	87	3	100	331140	2.000300
15	88	3	100	2053520	2.000304
12	64	3	100	210280	2.000304
35	70	3	100	1701580	2.000308
8	72	3	100	60010	2.000308
37	80	3	100	355150	2.000312
12	74	3	100	438370	2.000312
32	64	3	100	424240	2.000312
20	68	3	100	184710	2.000316
25	70	3	100	1236470	2.000316
26	67	3	100	99270	2.000316
3	86	3	100	1984720	2.000320
5	64	3	100	16300	2.000320
40	54	3	100	1188510	2.000324
23	65	3	100	73190	2.000324
37	73	3	100	659260	2.000328
30	52	3	100	428050	2.000328
9	87	3	100	980	2.000328
14	54	3	100	126500	2.000328
14	83	3	100	12110	2.000332
10	53	3	100	324470	2.000332
30	83	3	100	23420	2.000336
39	57	3	100	44290	2.000336
8	64	3	100	128860	2.000336
5	69	3	100	58220	2.000340
13	70	3	100	358360	2.000340
3	86	3	100	365370	2.000340
8	88	3	100	143400	2.000340
13	74	3	100	2030590	2.000344
33	79	3	100	178410	2.000344
37	70	3	100	1338300	2.000344
13	60	3	100	143730	2.000348
30	54	3	100	148550	2.000348
38	60	3	100	287780	2.000348
20	79	3	100	1000	2.000352
9	89	3	100	195850	2.000356
5	62	3	100	117070	2.000356
24	81	3	100	27480	2.000364
25	76	3	100	2418340	2.000364
40	56	3	100	124430	2.000368
3	88	3	100	2655200	2.000368
29	64	3	100	32340	2.000368
22	56	3	100	55670	2.000372
18	77	3	100	1040690	2.000376
20	89	3	100	35550	2.000376
13	82	3	100	337730	2.000384
23	79	3	100	100030	2.000384
1	51	3	100	146330	2.000384
39	85	3	100	13410	2.000388
28	55	3	100	35270	2.000396
40	76	3	100	152010	2.000396
39	85	3	100	225690	2.000400
2	79	3	100	1908650	2.000400
31	86	3	100	5070	2.000404
31	51	3	100	2686000	2.000404
34	90	3	100	445540	2.000408
21	53	3	100	124910	2.000408
18	59	3	100	102010	2.000408
15	57	3	100	109720	2.000408
37	83	3	100	173610	2.000412
35	89	3	100	7490	2.000412
24	51	3	100	19880	2.000416
39	64	3	100	245240	2.000416
12	88	3	100	356580	2.000416
14	82	3	100	6820	2.000416
5	66	3	100	39250	2.000420
21	64	3	100	325460	2.000420
33	89	3	100	55590	2.000428
34	55	3	100	241080	2.000428
36	55	3	100	630	2.000432
24	68	3	100	471550	2.000432
24	90	3	100	312700	2.000436
16	61	3	100	2361740	2.000436
6	79	3	100	2083730	2.000436
15	79	3	100	256460	2.000440
38	85	3	100	504420	2.000440
23	77	3	100	42830	2.000444
1	66	3	100	51940	2.000444
38	86	3	100	1142820	2.000444
33	52	3	100	508320	2.000448
33	53	3	100	234650	2.000448
21	57	3	100	12990	2.000448
31	73	3	100	2916500	2.000448
19	81	3	100	20720	2.000452
23	58	3	100	6000	2.000452
5	65	3	100	530	2.000452
17	77	3	100	93520	2.000452
12	57	3	100	2657660	2.000456
21	89	3	100	79970	2.000460
32	73	3	100	91290	2.000460
39	74	3	100	10070	2.000460
31	69	3	100	188900	2.000464
39	90	3	100	1161330	2.000464
15	86	3	100	245450	2.000464
18	52	3	100	422980	2.000464
22	69	3	100	285500	2.000468
1	55	3	100	44770	2.000468
40	56	3	100	62810	2.000468
3	64	3	100	57310	2.000468
38	84	3	100	86630	2.000468
35	62	3	100	107030	2.000476
32	78	3	100	2264000	2.000476
25	54	3	100	1490500	2.000476
31	79	3	100	1240	2.000476
29	86	3	100	2679060	2.000480
31	90	3	100	222960	2.000480
2	87	3	100	50360	2.000492
23	90	3	100	93060	2.000492
27	67	3	100	419690	2.000492
22	60	3	100	37350	2.000492
7	65	3	100	98140	2.000496
28	62	3	100	49560	2.000496
15	83	3	100	192040	2.000496
4	54	3	100	82560	2.000496
31	78	3	100	327670	2.000496
39	62	3	100	462350	2.000500
27	74	3	100	431060	2.000500
38	52	3	100	12880	2.000500
31	54	3	100	149270	2.000500
29	52	3	100	1330890	2.000504
5	63	3	100	15370	2.000508
23	63	3	100	2556060	2.000508
39	75	3	100	225540	2.000508
40	86	3	100	414370	2.000508
20	90	3	100	1892270	2.000512
5	52	3	100	1696910	2.000512
5	61	3	100	1460	2.000516
9	56	3	100	18960	2.000516
28	52	3	100	5390	2.000516
12	61	3	100	389660	2.000520
17	62	3	100	135940	2.000524
27	69	3	100	2224910	2.000524
36	79	3	100	133970	2.000524
6	66	3	100	322630	2.000524
37	79	3	100	223440	2.000528
22	72	3	100	2261090	2.000532
13	90	3	100	1747410	2.000532
19	83	3	100	421140	2.000532
28	63	3	100	19480	2.000532
27	84	3	100	610	2.000532
26	68	3	100	1688960	2.000532
29	84	3	100	1380	2.000536
12	52	3	100	2534050	2.000536
27	89	3	100	159190	2.000536
27	65	3	100	1721910	2.000540
40	52	3	100	19030	2.000540
5	52	3	100	25540	2.000540
38	77	3	100	470510	2.000544
23	90	3	100	200970	2.000544
2	58	3	100	94660	2.000544
40	76	3	100	1441900	2.000548
23	80	3	100	423680	2.000548
37	57	3	100	177760	2.000548
18	87	3	100	6080	2.000548
40	86	3	100	2130	2.000548
20	79	3	100	11910	2.000552
8	70	3	100	47260	2.000552
35	74	3	100	75100	2.000552
34	83	3	100	3138490	2.000552
34	67	3	100	10840	2.000552
15	87	3	100	2595090	2.000556
21	72	3	100	72510	2.000560
3	60	3	100	78060	2.000560
14	51	3	100	940	2.000564
11	80	3	100	235740	2.000564
31	81	3	100	1088710	2.000564
40	56	3	100	373140	2.000568
33	65	3	100	19550	2.000568
4	80	3	100	115120	2.000568
29	87	3	100	12790	2.000568
37	67	3	100	50460	2.000568
27	84	3	100	296130	2.000572
17	66	3	100	90360	2.000572
24	86	3	100	2136800	2.000572
3	58	3	100	7970	2.000572
26	80	3	100	1573650	2.000576
40	77	3	100	926750	2.000576
1	61	3	100	119760	2.000580
26	55	3	100	283090	2.000580
33	58	3	100	98660	2.000580
33	53	3	100	27510	2.000584
7	58	3	100	157080	2.000584
27	69	3	100	2579610	2.000584
10	81	3	100	1285530	2.000584
23	69	3	100	207030	2.000584
28	54	3	100	15160	2.000588
35	81	3	100	40960	2.000588
16	88	3	100	532270	2.000588
18	77	3	100	682660	2.000592
35	52	3	100	29540	2.000592
31	71	3	100	2915450	2.000596
6	86	3	100	9380	2.000596
23	67	3	100	356460	2.000600
37	81	3	100	989280	2.000600
13	88	3	100	45480	2.000608
15	51	3	100	922600	2.000608
7	59	3	100	32590	2.000608
9	80	3	100	19410	2.000612
12	57	3	100	15950	2.000612
20	55	3	100	57930	2.000612
18	51	3	100	88620	2.000612
4	70	3	100	643020	2.000612
34	60	3	100	409030	2.000616
36	83	3	100	6590	2.000616
25	66	3	100	321240	2.000624
13	86	3	100	2562790	2.000628
36	57	3	100	275100	2.000632
4	89	3	100	317340	2.000632
31	58	3	100	15760	2.000636
18	63	3	100	2140	2.000636
34	81	3	100	167430	2.000636
40	53	3	100	417090	2.000636
11	65	3	100	23760	2.000636
33	76	3	100	1788630	2.000640
30	73	3	100	799280	2.000640
12	72	3	100	45280	2.000640
39	60	3	100	600	2.000640
23	85	3	100	323100	2.000644
25	89	3	100	2559130	2.000644
25	90	3	100	532610	2.000648
14	57	3	100	446670	2.000648
30	89	3	100	1352910	2.000648
20	63	3	100	147040	2.000652
18	87	3	100	18030	2.000656
28	89	3	100	16280	2.000656
9	78	3	100	438330	2.000656
20	75	3	100	22410	2.000656
13	62	3	100	111280	2.000660
38	56	3	100	1975040	2.000664
4	70	3	100	116050	2.000664
9	64	3	100	115840	2.000664
17	71	3	100	1010	2.000668
6	75	3	100	24970	2.000668
34	64	3	100	6020	2.000668
4	88	3	100	9910	2.000668
6	85	3	100	32320	2.000668
27	83	3	100	215900	2.000668
29	83	3	100	720	2.000672
29	84	3	100	383360	2.000672
21	69	3	100	171310	2.000672
21	62	3	100	42280	2.000676
15	63	3	100	192860	2.000676
28	61	3	100	11050	2.000676
3	74	3	100	17850	2.000676
1	88	3	100	162930	2.000676
2	55	3	100	86230	2.000680
36	56	3	100	617750	2.000680
1	69	3	100	250900	2.000680
8	51	3	100	550	2.000688
22	88	3	100	250810	2.000688
29	70	3	100	195510	2.000688
6	86	3	100	407100	2.000688
39	82	3	100	15130	2.000692
23	67	3	100	13350	2.000692
7	89	3	100	50320	2.000692
6	51	3	100	174470	2.000696
5	79	3	100	313800	2.000696
29	80	3	100	73150	2.000700
16	65	3	100	224710	2.000700
37	57	3	100	1358070	2.000700
21	83	3	100	126750	2.000708
21	61	3	100	214180	2.000708
13	74	3	100	15560	2.000708
7	67	3	100	103390	2.000708
11	56	3	100	910	2.000708
37	52	3	100	17050	2.000716
14	74	3	100	1033320	2.000716
15	61	3	100	1530	2.000716
6	82	3	100	482500	2.000720
31	72	3	100	2856620	2.000720
16	75	3	100	1590	2.000720
17	79	3	100	28200	2.000720
39	52	3	100	2200270	2.000724
11	81	3	100	60	2.000724
11	80	3	100	159740	2.000724
5	66	3	100	84060	2.000724
33	79	3	100	96160	2.000728
21	77	3	100	14940	2.000728
2	63	3	100	206550	2.000728
20	78	3	100	555580	2.000728
20	56	3	100	1002840	2.000728
15	66	3	100	26180	2.000732
14	88	3	100	44910	2.000732
10	74	3	100	33380	2.000732
19	84	3	100	26130	2.000732
18	75	3	100	168560	2.000732
8	60	3	100	17460	2.000736
31	72	3	100	276990	2.000736
33	60	3	100	59860	2.000736
29	66	3	100	760	2.000736
18	87	3	100	96290	2.000736
14	90	3	100	250920	2.000736
32	79	3	100	2033430	2.000740
29	59	3	100	16390	2.000744
19	78	3	100	163750	2.000748
23	59	3	100	961080	2.000748
23	79	3	100	2900090	2.000748
2	74	3	100	53270	2.000752
10	62	3	100	56440	2.000752
38	77	3	100	2600	2.000756
22	65	3	100	2980630	2.000756
1	75	3	100	349640	2.000756
12	89	3	100	1131630	2.000756
37	51	3	100	186180	2.000756
12	84	3	100	240010	2.000756
26	89	3	100	198060	2.000760
39	89	3	100	257220	2.000760
5	55	3	100	400540	2.000764
14	76	3	100	213160	2.000764
16	72	3	100	251600	2.000764
39	72	3	100	475950	2.000768
3	67	3	100	33080	2.000768
11	82	3	100	231540	2.000768
39	89	3	100	23400	2.000772
36	70	3	100	11180	2.000780
10	62	3	100	10470	2.000780
19	87	3	100	278300	2.000780
3	51	3	100	39110	2.000780
15	82	3	100	2685280	2.000780
13	87	3	100	20230	2.000784
34	78	3	100	80830	2.000784
22	72	3	100	336200	2.000784
21	56	3	100	428630	2.000784
17	89	3	100	41690	2.000784
36	58	3	100	40330	2.000788
24	69	3	100	112570	2.000788
26	74	3	100	1739200	2.000792
3	87	3	100	161130	2.000792
1	64	3	100	350640	2.000792
20	90	3	100	101590	2.000792
14	83	3	100	170210	2.000792
28	83	3	100	281300	2.000792
24	86	3	100	100130	2.000796
40	60	3	100	331210	2.000800
21	70	3	100	29490	2.000800
29	55	3	100	3024260	2.000800
34	72	3	100	102420	2.000800
12	71	3	100	1419050	2.000800
14	58	3	100	3025500	2.000804
23	80	3	100	4730	2.000804
7	76	3	100	230530	2.000808
34	88	3	100	12280	2.000808
3	60	3	100	129420	2.000812
11	86	3	100	59110	2.000812
32	61	3	100	85850	2.000816
20	74	3	100	3105900	2.000816
10	65	3	100	34770	2.000816
15	55	3	100	78650	2.000816
32	55	3	100	120950	2.000820
5	60	3	100	12270	2.000820
15	66	3	100	2400530	2.000820
11	69	3	100	493130	2.000820
33	81	3	100	43220	2.000820
18	80	3	100	155930	2.000824
36	84	3	100	790	2.000824
22	59	3	100	1240	2.000828
24	81	3	100	431030	2.000828
2	67	3	100	1020	2.000828
9	64	3	100	39520	2.000832
31	53	3	100	120090	2.000836
1	83	3	100	2446470	2.000836
2	88	3	100	429310	2.000836
4	77	3	100	760	2.000840
20	78	3	100	577960	2.000840
6	81	3	100	343250	2.000840
25	66	3	100	1247930	2.000844
13	74	3	100	103280	2.000844
30	67	3	100	201320	2.000848
2	89	3	100	1393040	2.000848
16	90	3	100	292530	2.000852
1	75	3	100	37320	2.000856
4	67	3	100	177930	2.000856
1	73	3	100	146320	2.000856
25	78	3	100	990	2.000860
33	66	3	100	279950	2.000860
19	79	3	100	350640	2.000860
8	77	3	100	1012900	2.000860
10	81	3	100	240930	2.000860
13	61	3	100	400370	2.000864
30	77	3	100	23150	2.000864
12	63	3	100	18580	2.000868
37	85	3	100	119530	2.000868
15	88	3	100	24410	2.000868
23	53	3	100	18640	2.000868
25	77	3	100	194790	2.000868
28	71	3	100	16670	2.000872
39	64	3	100	223580	2.000872
36	71	3	100	8940	2.000872
33	65	3	100	2917480	2.000872
36	85	3	100	77490	2.000872
29	85	3	100	30370	2.000876
13	71	3	100	2020	2.000876
4	67	3	100	34290	2.000876
17	69	3	100	2819270	2.000876
21	57	3	100	80680	2.000880
30	67	3	100	485600	2.000880
29	88	3	100	160950	2.000880
17	55	3	100	151050	2.000884
4	86	3	100	1530	2.000884
18	62	3	100	13730	2.000884
32	81	3	100	3840	2.000888
28	79	3	100	1169650	2.000888
21	69	3	100	2657970	2.000888
4	69	3	100	1311360	2.000892
18	51	3	100	219870	2.000892
40	83	3	100	225290	2.000892
37	83	3	100	138800	2.000892
31	68	3	100	269240	2.000896
31	72	3	100	14170	2.000896
17	54	3	100	301580	2.000896
22	63	3	100	370300	2.000900
11	89	3	100	270540	2.000900
3	51	3	100	3119580	2.000900
9	63	3	100	21610	2.000900
25	67	3	100	19930	2.000904
27	65	3	100	448380	2.000904
17	71	3	100	452460	2.000904
18	89	3	100	461920	2.000904
12	87	3	100	472600	2.000908
9	73	3	100	381540	2.000908
15	68	3	100	190270	2.000908
19	81	3	100	530	2.000908
18	64	3	100	217680	2.000908
32	54	3	100	14110	2.000908
27	80	3	100	200600	2.000908
25	74	3	100	168720	2.000912
38	56	3	100	2090	2.000912
7	60	3	100	204420	2.000912
19	83	3	100	124550	2.000916
31	57	3	100	159500	2.000916
33	58	3	100	121170	2.000916
38	69	3	100	68540	2.000920
5	68	3	100	268110	2.000920
4	63	3	100	791630	2.000920
37	62	3	100	16880	2.000924
40	63	3	100	10580	2.000924
4	54	3	100	1778590	2.000928
18	57	3	100	205140	2.000928
22	58	3	100	212560	2.000928
12	59	3	100	1423450	2.000932
7	62	3	100	87830	2.000932
31	64	3	100	8050	2.000936
36	65	3	100	239690	2.000940
21	56	3	100	255930	2.000940
28	85	3	100	5850	2.000944
13	78	3	100	670	2.000944
1	58	3	100	2871180	2.000948
35	61	3	100	2638200	2.000948
15	62	3	100	13500	2.000948
37	90	3	100	60530	2.000948
16	73	3	100	10430	2.000952
33	70	3	100	27120	2.000952
39	81	3	100	77520	2.000956
1	77	3	100	19710	2.000956
5	88	3	100	3161540	2.000956
11	63	3	100	14960	2.000956
30	87	3	100	40940	2.000960
28	67	3	100	44070	2.000960
39	64	3	100	6730	2.000960
16	68	3	100	392510	2.000960
15	78	3	100	38530	2.000964
35	82	3	100	19090	2.000964
14	84	3	100	29480	2.000964
14	64	3	100	475550	2.000964
2	53	3	100	192740	2.000964
16	76	3	100	35790	2.000964
32	89	3	100	2330080	2.000968
30	55	3	100	190820	2.000968
15	88	3	100	64190	2.000972
2	67	3	100	457350	2.000972
26	89	3	100	6340	2.000972
37	65	3	100	125700	2.000972
18	55	3	100	30460	2.000972
6	52	3	100	1100570	2.000976
24	61	3	100	182390	2.000980
13	57	3	100	111210	2.000980
20	90	3	100	970	2.000980
13	85	3	100	267990	2.000980
34	77	3	100	404960	2.000980
20	59	3	100	490790	2.000980
12	54	3	100	273430	2.000984
39	56	3	100	131570	2.000984
4	52	3	100	273440	2.000984
35	64	3	100	1366250	2.000984
37	71	3	100	216760	2.000988
37	56	3	100	989040	2.000996
4	62	3	100	124450	2.001000
33	69	3	100	2749330	2.001000
22	51	3	100	98760	2.001000
2	81	3	100	179280	2.001004
4	70	3	100	43030	2.001004
36	62	3	100	2319260	2.001004
26	82	3	100	1016290	2.001008
33	57	3	100	681350	2.001008
3	59	3	100	230660	2.001008
5	75	3	100	51690	2.001008
21	89	3	100	220150	2.001012
13	89	3	100	88940	2.001012
4	83	3	100	1788070	2.001016
20	78	3	100	1890	2.001016
9	56	3	100	211050	2.001016
8	53	3	100	49070	2.001016
11	73	3	100	127890	2.001020
18	57	3	100	142400	2.001020
11	66	3	100	363620	2.001020
38	81	3	100	94980	2.001020
30	84	3	100	55610	2.001024
32	75	3	100	446710	2.001024
17	80	3	100	96090	2.001024
4	73	3	100	115920	2.001024
16	67	3	100	1162010	2.001028
32	58	3	100	835160	2.001028
10	64	3	100	2320	2.001028
32	78	3	100	92720	2.001036
4	59	3	100	469080	2.001036
10	90	3	100	308000	2.001036
20	73	3	100	219290	2.001036
39	57	3	100	37740	2.001036
29	60	3	100	1301650	2.001036
14	58	3	100	1080	2.001036
24	84	3	100	38230	2.001036
23	73	3	100	20490	2.001040
14	69	3	100	1090	2.001040
16	80	3	100	723480	2.001044
4	82	3	100	14620	2.001048
8	86	3	100	2279910	2.001048
13	84	3	100	1121810	2.001048
25	73	3	100	190630	2.001048
13	75	3	100	29400	2.001048
25	89	3	100	252970	2.001052
6	57	3	100	3940	2.001052
23	83	3	100	53550	2.001056
24	57	3	100	127000	2.001056
7	69	3	100	91730	2.001056
18	60	3	100	11670	2.001056
29	74	3	100	3720	2.001060
23	54	3	100	630	2.001060
38	79	3	100	418270	2.001064
39	76	3	100	192150	2.001064
1	59	3	100	316430	2.001068
24	61	3	100	106580	2.001068
27	56	3	100	105720	2.001068
17	72	3	100	152830	2.001068
15	81	3	100	1760	2.001068
38	57	3	100	83810	2.001076
30	61	3	100	26000	2.001076
16	82	3	100	1875390	2.001076
33	52	3	100	590	2.001084
39	84	3	100	384290	2.001084
7	70	3	100	2255750	2.001084
31	51	3	100	2935330	2.001088
13	80	3	100	20000	2.001092
35	74	3	100	2727290	2.001092
40	58	3	100	2523030	2.001092
20	85	3	100	235360	2.001104
31	70	3	100	255190	2.001104
30	80	3	100	510	2.001104
3	66	3	100	89060	2.001108
12	83	3	100	1743220	2.001112
15	62	3	100	2070870	2.001112
15	77	3	100	40550	2.001112
4	71	3	100	2052460	2.001112
25	59	3	100	293780	2.001112
39	69	3	100	2868290	2.001116
8	70	3	100	15070	2.001116
1	60	3	100	94080	2.001116
18	86	3	100	242680	2.001116
20	86	3	100	1666170	2.001120
15	73	3	100	35590	2.001120
26	90	3	100	742050	2.001120
15	54	3	100	2680610	2.001120
20	89	3	100	2968880	2.001124
12	65	3	100	146680	2.001124
5	67	3	100	360640	2.001132
11	63	3	100	50550	2.001132
31	89	3	100	83350	2.001136
29	54	3	100	1648610	2.001136
4	65	3	100	166490	2.001136
11	76	3	100	174960	2.001136
29	65	3	100	168840	2.001136
19	85	3	100	216050	2.001140
38	61	3	100	4410	2.001140
26	54	3	100	443400	2.001140
11	72	3	100	493130	2.001140
32	70	3	100	2813090	2.001140
30	68	3	100	100090	2.001144
1	63	3	100	1143870	2.001144
2	63	3	100	125930	2.001148
37	66	3	100	43470	2.001148
6	72	3	100	312760	2.001152
39	65	3	100	74460	2.001152
21	78	3	100	183390	2.001152
29	66	3	100	1170100	2.001152
31	64	3	100	277590	2.001156
13	86	3	100	119150	2.001160
31	60	3	100	208430	2.001164
2	84	3	100	18040	2.001164
17	62	3	100	2112050	2.001172
32	81	3	100	155610	2.001172
33	69	3	100	121300	2.001172
8	60	3	100	521780	2.001176
31	68	3	100	590	2.001176
40	56	3	100	1014330	2.001176
16	59	3	100	343950	2.001180
34	76	3	100	17840	2.001180
2	74	3	100	120050	2.001180
8	65	3	100	165800	2.001180
27	87	3	100	27660	2.001184
9	81	3	100	132210	2.001184
40	74	3	100	2055500	2.001184
34	68	3	100	334710	2.001192
23	55	3	100	341670	2.001192
14	69	3	100	101660	2.001196
5	57	3	100	3190	2.001196
18	83	3	100	5070	2.001200
10	80	3	100	254210	2.001200
6	82	3	100	81840	2.001204
13	62	3	100	59420	2.001204
14	78	3	100	28570	2.001204
22	76	3	100	54460	2.001208
34	82	3	100	190200	2.001208
6	78	3	100	1649360	2.001208
11	89	3	100	424970	2.001208
4	83	3	100	274920	2.001212
25	56	3	100	84700	2.001212
8	61	3	100	445960	2.001216
26	51	3	100	620	2.001216
25	60	3	100	69160	2.001220
17	55	3	100	2628730	2.001220
17	82	3	100	151360	2.001224
27	73	3	100	333570	2.001224
4	66	3	100	15230	2.001224
10	59	3	100	141610	2.001224
1	89	3	100	150970	2.001224
3	78	3	100	36490	2.001224
5	53	3	100	356570	2.001228
27	51	3	100	24230	2.001228
18	85	3	100	49240	2.001232
28	68	3	100	4390	2.001232
15	84	3	100	2772610	2.001232
34	73	3	100	433280	2.001236
32	53	3	100	73210	2.001236
17	72	3	100	1780170	2.001240
12	63	3	100	234670	2.001240
21	58	3	100	12590	2.001240
20	82	3	100	437780	2.001240
34	76	3	100	422630	2.001244
19	87	3	100	750	2.001244
5	66	3	100	3020	2.001244
9	76	3	100	2141630	2.001248
39	90	3	100	83690	2.001252
19	56	3	100	330750	2.001252
14	83	3	100	300230	2.001256
26	77	3	100	214170	2.001256
26	75	3	100	160470	2.001256
9	63	3	100	1280	2.001260
14	66	3	100	3980	2.001260
9	60	3	100	25490	2.001260
30	64	3	100	10370	2.001264
7	67	3	100	307330	2.001268
26	51	3	100	462370	2.001268
16	51	3	100	507230	2.001272
8	77	3	100	39400	2.001272
34	88	3	100	91120	2.001276
37	64	3	100	59260	2.001276
40	89	3	100	25730	2.001276
34	64	3	100	2862200	2.001276
22	77	3	100	375170	2.001280
7	72	3	100	107350	2.001280
9	73	3	100	38990	2.001280
22	59	3	100	1715770	2.001280
26	61	3	100	2533860	2.001284
16	75	3	100	23040	2.001284
31	69	3	100	783560	2.001288
19	53	3	100	25290	2.001288
40	64	3	100	14390	2.001288
33	52	3	100	1720	2.001288
40	78	3	100	151340	2.001292
35	64	3	100	112720	2.001296
16	53	3	100	322880	2.001296
22	78	3	100	39810	2.001296
27	88	3	100	272260	2.001300
22	67	3	100	6190	2.001300
30	88	3	100	46630	2.001304
16	58	3	100	1397690	2.001304
23	60	3	100	10130	2.001308
32	59	3	100	140100	2.001308
3	51	3	100	1432120	2.001312
17	87	3	100	137480	2.001312
13	75	3	100	410490	2.001316
22	81	3	100	14080	2.001316
30	83	3	100	30530	2.001320
14	76	3	100	92320	2.001320
25	70	3	100	428970	2.001320
12	53	3	100	108060	2.001324
34	74	3	100	285960	2.001324
8	61	3	100	14740	2.001324
34	62	3	100	180700	2.001324
6	55	3	100	74770	2.001324
31	54	3	100	59340	2.001328
27	75	3	100	10120	2.001328
18	63	3	100	239090	2.001328
11	80	3	100	18110	2.001332
7	51	3	100	1157130	2.001332
5	64	3	100	149330	2.001336
29	70	3	100	727160	2.001336
18	54	3	100	58100	2.001340
31	52	3	100	900	2.001344
5	76	3	100	98440	2.001344
34	62	3	100	133740	2.001344
29	72	3	100	55710	2.001344
38	72	3	100	16240	2.001348
29	55	3	100	425560	2.001348
2	90	3	100	38440	2.001352
39	80	3	100	150830	2.001356
5	58	3	100	105670	2.001356
15	73	3	100	2290	2.001356
3	66	3	100	1530	2.001364
17	55	3	100	75390	2.001368
18	84	3	100	2190870	2.001368
6	64	3	100	1230	2.001372
16	55	3	100	180320	2.001372
38	85	3	100	224180	2.001376
34	59	3	100	1341140	2.001376
35	60	3	100	144630	2.001376
13	80	3	100	216320	2.001380
14	63	3	100	22760	2.001380
4	76	3	100	143030	2.001380
10	53	3	100	640	2.001380
30	58	3	100	35840	2.001380
1	57	3	100	1347170	2.001380
11	85	3	100	103300	2.001384
11	78	3	100	1180	2.001384
39	70	3	100	184930	2.001388
28	61	3	100	256600	2.001388
19	67	3	100	1757100	2.001388
25	78	3	100	273840	2.001392
11	68	3	100	900	2.001392
4	73	3	100	195930	2.001392
1	56	3	100	231950	2.001396
40	77	3	100	10180	2.001396
24	60	3	100	99310	2.001400
13	76	3	100	105190	2.001400
21	82	3	100	560	2.001404
34	60	3	100	137060	2.001408
31	58	3	100	13470	2.001408
29	66	3	100	4250	2.001412
6	89	3	100	1190	2.001412
29	88	3	100	11010	2.001412
29	63	3	100	27760	2.001412
35	87	3	100	74610	2.001412
26	58	3	100	456360	2.001412
35	73	3	100	98230	2.001416
21	83	3	100	347540	2.001416
21	70	3	100	1705870	2.001416
10	54	3	100	289480	2.001416
25	61	3	100	139390	2.001420
14	71	3	100	25880	2.001420
8	80	3	100	87690	2.001420
29	62	3	100	182820	2.001424
25	89	3	100	18620	2.001424
12	88	3	100	342150	2.001424
7	71	3	100	34710	2.001428
26	66	3	100	1047560	2.001428
31	56	3	100	202930	2.001428
21	68	3	100	59780	2.001432
24	63	3	100	27410	2.001432
33	57	3	100	469190	2.001436
39	71	3	100	32720	2.001436
7	87	3	100	59240	2.001436
20	68	3	100	106970	2.001436
28	79	3	100	398690	2.001440
14	86	3	100	11240	2.001440
12	69	3	100	203660	2.001440
12	87	3	100	114730	2.001440
5	83	3	100	2662850	2.001440
34	79	3	100	840	2.001444
23	52	3	100	137550	2.001444
24	76	3	100	2105180	2.001444
12	84	3	100	114910	2.001444
39	53	3	100	224500	2.001448
20	60	3	100	161610	2.001448
3	73	3	100	1058320	2.001448
6	64	3	100	238390	2.001448
15	67	3	100	70960	2.001448
20	65	3	100	12530	2.001448
8	54	3	100	122540	2.001448
34	54	3	100	266890	2.001448
22	81	3	100	2697590	2.001452
6	72	3	100	11290	2.001452
2	80	3	100	2920430	2.001452
24	53	3	100	1520	2.001452
34	69	3	100	3100220	2.001456
36	71	3	100	234550	2.001456
22	54	3	100	112350	2.001460
13	82	3	100	86160	2.001460
21	61	3	100	387110	2.001464
27	53	3	100	99610	2.001464
36	67	3	100	377910	2.001464
5	85	3	100	141070	2.001464
2	68	3	100	97640	2.001468
33	58	3	100	376370	2.001468
2	86	3	100	277350	2.001468
17	61	3	100	17590	2.001468
24	67	3	100	376900	2.001468
37	62	3	100	256870	2.001468
25	65	3	100	590	2.001472
26	72	3	100	139830	2.001476
5	63	3	100	19530	2.001480
23	72	3	100	89140	2.001480
33	80	3	100	299970	2.001480
21	52	3	100	103900	2.001480
20	68	3	100	520	2.001480
21	87	3	100	760	2.001484
1	74	3	100	166810	2.001484
5	57	3	100	219810	2.001492
14	52	3	100	243000	2.001492
6	81	3	100	3990	2.001500
30	70	3	100	1422310	2.001504
2	85	3	100	13610	2.001504
30	59	3	100	1956830	2.001508
27	62	3	100	34200	2.001508
7	83	3	100	108360	2.001508
27	63	3	100	299540	2.001512
39	82	3	100	183050	2.001512
30	69	3	100	40420	2.001512
2	78	3	100	12350	2.001512
19	77	3	100	1590740	2.001512
8	80	3	100	412260	2.001516
21	85	3	100	24910	2.001516
22	86	3	100	322280	2.001516
27	71	3	100	233070	2.001520
25	80	3	100	471880	2.001520
3	88	3	100	95290	2.001520
24	60	3	100	97890	2.001524
17	81	3	100	105480	2.001524
31	82	3	100	87650	2.001524
8	84	3	100	407350	2.001528
4	76	3	100	660	2.001528
3	76	3	100	1603810	2.001532
30	55	3	100	274110	2.001532
25	76	3	100	465550	2.001532
19	67	3	100	2930	2.001536
10	55	3	100	175010	2.001536
23	71	3	100	2357940	2.001540
18	86	3	100	192250	2.001540
21	60	3	100	28680	2.001544
6	78	3	100	441540	2.001544
13	67	3	100	461990	2.001544
1	64	3	100	51520	2.001544
34	73	3	100	200170	2.001548
39	56	3	100	39250	2.001548
3	68	3	100	2067530	2.001552
19	83	3	100	7900	2.001552
12	80	3	100	229170	2.001552
16	88	3	100	129190	2.001556
17	88	3	100	510	2.001556
14	84	3	100	114540	2.001556
14	74	3	100	94630	2.001556
14	61	3	100	54000	2.001556
26	52	3	100	38110	2.001560
30	70	3	100	690	2.001560
22	84	3	100	1404630	2.001560
36	72	3	100	122190	2.001560
4	78	3	100	1906730	2.001564
37	72	3	100	248740	2.001564
5	62	3	100	163340	2.001564
36	70	3	100	204230	2.001564
21	56	3	100	19510	2.001572
37	85	3	100	10360	2.001572
12	76	3	100	33870	2.001572
12	57	3	100	11630	2.001580
6	89	3	100	354180	2.001580
20	70	3	100	435460	2.001584
22	58	3	100	497910	2.001584
6	72	3	100	970	2.001584
21	72	3	100	1851850	2.001588
19	54	3	100	12720	2.001588
25	54	3	100	20440	2.001592
25	54	3	100	338290	2.001592
27	58	3	100	2009480	2.001596
7	75	3	100	29110	2.001596
38	63	3	100	201750	2.001596
6	70	3	100	217370	2.001596
2	73	3	100	2750710	2.001600
30	90	3	100	115930	2.001600
30	57	3	100	101340	2.001600
26	69	3	100	770	2.001600
13	78	3	100	91120	2.001600
33	60	3	100	1170	2.001604
12	58	3	100	740	2.001604
13	71	3	100	257350	2.001604
16	59	3	100	185770	2.001604
20	63	3	100	298310	2.001608
6	83	3	100	860	2.001608
16	75	3	100	102340	2.001608
27	52	3	100	1241850	2.001608
12	51	3	100	4080	2.001612
12	51	3	100	1470	2.001616
2	58	3	100	1320	2.001616
1	60	3	100	471830	2.001616
3	90	3	100	265590	2.001616
27	73	3	100	143010	2.001620
8	60	3	100	171540	2.001620
17	89	3	100	173790	2.001620
18	89	3	100	3760	2.001620
35	53	3	100	135980	2.001624
27	63	3	100	1860	2.001624
11	70	3	100	56300	2.001624
17	54	3	100	590	2.001624
27	84	3	100	57740	2.001628
27	69	3	100	1170	2.001628
39	81	3	100	71830	2.001632
15	87	3	100	94570	2.001636
30	57	3	100	160640	2.001636
16	53	3	100	231840	2.001640
38	66	3	100	2753890	2.001640
24	59	3	100	157880	2.001640
26	77	3	100	244910	2.001640
10	80	3	100	139230	2.001644
22	56	3	100	450730	2.001648
37	83	3	100	587470	2.001648
34	58	3	100	3101740	2.001648
27	67	3	100	1543470	2.001648
36	56	3	100	80460	2.001652
26	70	3	100	288930	2.001652
40	54	3	100	404000	2.001652
33	62	3	100	32560	2.001652
18	66	3	100	144300	2.001652
9	70	3	100	495470	2.001652
6	89	3	100	3310	2.001656
22	59	3	100	1258040	2.001656
8	80	3	100	14980	2.001656
38	77	3	100	98660	2.001656
39	71	3	100	87100	2.001656
10	59	3	100	137240	2.001660
2	62	3	100	367910	2.001660
25	83	3	100	379940	2.001660
11	72	3	100	4260	2.001668
30	64	3	100	15460	2.001668
7	51	3	100	436160	2.001668
30	70	3	100	50780	2.001668
2	59	3	100	152020	2.001672
1	55	3	100	313450	2.001672
37	74	3	100	82020	2.001676
33	87	3	100	283640	2.001676
10	83	3	100	100760	2.001676
28	70	3	100	2307380	2.001676
8	59	3	100	27380	2.001680
10	58	3	100	92410	2.001684
39	65	3	100	46980	2.001684
10	81	3	100	7800	2.001688
12	84	3	100	458960	2.001692
24	80	3	100	87100	2.001696
21	86	3	100	256750	2.001696
8	59	3	100	230870	2.001700
15	79	3	100	306960	2.001704
23	76	3	100	10490	2.001708
23	54	3	100	169610	2.001708
7	55	3	100	8250	2.001708
37	74	3	100	31140	2.001708
6	82	3	100	137380	2.001712
24	63	3	100	2172080	2.001716
21	66	3	100	165920	2.001716
6	61	3	100	51100	2.001716
21	78	3	100	43000	2.001716
6	73	3	100	1060990	2.001716
17	70	3	100	43710	2.001716
40	78	3	100	170320	2.001720
32	90	3	100	18580	2.001720
1	80	3	100	185390	2.001724
28	81	3	100	136000	2.001724
15	81	3	100	85680	2.001724
25	86	3	100	14150	2.001724
1	61	3	100	469480	2.001724
27	83	3	100	277410	2.001728
19	62	3	100	1300	2.001728
13	52	3	100	104760	2.001728
10	79	3	100	23950	2.001728
31	88	3	100	6550	2.001732
23	69	3	100	471590	2.001732
20	86	3	100	1794140	2.001736
6	85	3	100	830	2.001736
3	69	3	100	1050	2.001740
1	73	3	100	22130	2.001740
40	60	3	100	1530	2.001744
12	61	3	100	47900	2.001744
15	55	3	100	2904900	2.001748
6	70	3	100	128850	2.001748
38	54	3	100	129270	2.001752
7	65	3	100	248660	2.001752
6	62	3	100	290100	2.001752
6	89	3	100	520	2.001756
20	81	3	100	21900	2.001756
19	70	3	100	34060	2.001756
26	60	3	100	36000	2.001760
8	73	3	100	112280	2.001760
8	88	3	100	28320	2.001760
8	83	3	100	162460	2.001764
7	87	3	100	117530	2.001768
19	77	3	100	590	2.001768
22	86	3	100	99510	2.001768
3	90	3	100	325170	2.001772
24	52	3	100	1978000	2.001772
19	87	3	100	99940	2.001772
24	86	3	100	119130	2.001772
8	68	3	100	86220	2.001772
20	61	3	100	14900	2.001776
27	84	3	100	167750	2.001776
17	63	3	100	41180	2.001780
28	89	3	100	42510	2.001780
19	74	3	100	2496160	2.001780
10	89	3	100	154230	2.001780
35	86	3	100	35810	2.001784
7	81	3	100	192160	2.001784
5	66	3	100	64270	2.001784
27	67	3	100	255490	2.001784
32	79	3	100	225570	2.001784
37	60	3	100	144140	2.001784
31	59	3	100	22220	2.001784
13	76	3	100	12940	2.001788
39	56	3	100	434260	2.001788
13	80	3	100	94660	2.001788
30	87	3	100	207000	2.001788
7	89	3	100	159840	2.001788
6	85	3	100	202180	2.001792
17	69	3	100	464620	2.001792
34	77	3	100	1400	2.001792
33	52	3	100	88420	2.001792
17	82	3	100	37340	2.001796
33	51	3	100	12370	2.001796
25	69	3	100	3380	2.001800
14	75	3	100	235170	2.001800
5	67	3	100	17730	2.001804
37	59	3	100	84340	2.001804
25	68	3	100	222970	2.001808
25	61	3	100	16660	2.001808
21	63	3	100	87510	2.001808
1	78	3	100	1390	2.001808
30	59	3	100	14940	2.001808
21	78	3	100	84000	2.001812
6	51	3	100	88050	2.001812
30	90	3	100	120250	2.001812
12	64	3	100	3800	2.001812
26	77	3	100	140830	2.001816
38	61	3	100	1021460	2.001816
7	61	3	100	20960	2.001816
29	89	3	100	437250	2.001820
10	61	3	100	101680	2.001820
17	60	3	100	459520	2.001820
32	79	3	100	530	2.001820
26	80	3	100	280770	2.001824
16	85	3	100	77580	2.001824
32	87	3	100	637960	2.001828
20	84	3	100	2240	2.001828
11	85	3	100	960	2.001828
19	80	3	100	55520	2.001832
37	88	3	100	15320	2.001832
4	62	3	100	123230	2.001832
38	79	3	100	208450	2.001836
6	78	3	100	337480	2.001840
16	53	3	100	460300	2.001844
27	68	3	100	142420	2.001844
36	86	3	100	16820	2.001844
34	71	3	100	6320	2.001844
13	78	3	100	1621680	2.001844
5	75	3	100	288900	2.001844
10	51	3	100	141260	2.001848
11	54	3	100	1440210	2.001848
24	77	3	100	352410	2.001852
12	52	3	100	1098890	2.001852
20	76	3	100	220080	2.001856
22	78	3	100	224430	2.001856
24	56	3	100	1209710	2.001856
25	80	3	100	620240	2.001860
12	87	3	100	192350	2.001860
29	83	3	100	2168840	2.001860
12	66	3	100	1716130	2.001860
34	66	3	100	122380	2.001860
29	53	3	100	81170	2.001860
9	71	3	100	426330	2.001860
31	65	3	100	133150	2.001864
39	78	3	100	710	2.001864
39	81	3	100	289470	2.001868
8	56	3	100	1266270	2.001872
11	81	3	100	265130	2.001880
28	66	3	100	167980	2.001884
38	61	3	100	48560	2.001884
36	53	3	100	257100	2.001888
24	75	3	100	462440	2.001888
38	80	3	100	15810	2.001888
33	90	3	100	10840	2.001892
27	51	3	100	840	2.001892
32	83	3	100	75300	2.001892
18	79	3	100	297600	2.001896
21	77	3	100	1160	2.001896
12	59	3	100	2720	2.001896
9	85	3	100	1662810	2.001896
22	70	3	100	120290	2.001896
3	65	3	100	99600	2.001900
10	87	3	100	808050	2.001900
30	70	3	100	1521380	2.001900
30	83	3	100	2971170	2.001904
20	61	3	100	1670	2.001904
17	74	3	100	137580	2.001904
7	65	3	100	1975470	2.001904
19	71	3	100	124660	2.001904
10	70	3	100	197560	2.001908
30	53	3	100	44340	2.001912
37	82	3	100	270620	2.001912
16	52	3	100	34020	2.001912
20	67	3	100	117780	2.001912
2	76	3	100	114310	2.001912
31	64	3	100	219930	2.001920
1	68	3	100	700	2.001920
39	63	3	100	838380	2.001924
5	52	3	100	3610	2.001928
9	82	3	100	363770	2.001928
10	66	3	100	1130930	2.001928
5	90	3	100	109850	2.001932
3	83	3	100	433970	2.001936
10	60	3	100	125030	2.001936
38	76	3	100	741200	2.001936
18	81	3	100	3011590	2.001940
5	67	3	100	393780	2.001940
24	86	3	100	5450	2.001940
22	75	3	100	498040	2.001940
28	51	3	100	253680	2.001944
21	89	3	100	14730	2.001944
16	85	3	100	148050	2.001944
36	58	3	100	397750	2.001948
23	64	3	100	2562460	2.001948
34	62	3	100	20540	2.001948
15	64	3	100	14320	2.001948
20	72	3	100	28050	2.001952
4	66	3	100	446700	2.001952
28	84	3	100	114550	2.001952
5	71	3	100	910	2.001952
18	59	3	100	910610	2.001952
6	69	3	100	87480	2.001952
34	73	3	100	126180	2.001952
24	60	3	100	152480	2.001952
32	65	3	100	40050	2.001956
15	82	3	100	199760	2.001968
15	57	3	100	510	2.001968
33	54	3	100	8860	2.001972
10	71	3	100	352840	2.001972
21	62	3	100	2938080	2.001976
2	58	3	100	394800	2.001976
3	54	3	100	216200	2.001980
15	90	3	100	569590	2.001980
38	58	3	100	232360	2.001980
2	80	3	100	970	2.001980
27	59	3	100	203010	2.001980
28	68	3	100	350500	2.001984
6	82	3	100	25740	2.001992
6	84	3	100	202000	2.001996
9	89	3	100	2540	2.002000
31	59	3	100	9530	2.002000
23	63	3	100	24450	2.002000
18	90	3	100	239850	2.002000
12	90	3	100	40140	2.002000
19	60	3	100	217930	2.002004
35	52	3	100	362350	2.002004
36	75	3	100	33500	2.002004
15	80	3	100	81000	2.002004
16	65	3	100	484710	2.002012
9	65	3	100	13900	2.002016
4	73	3	100	56930	2.002016
21	74	3	100	215100	2.002016
2	55	3	100	250240	2.002020
22	57	3	100	12940	2.002020
22	89	3	100	17350	2.002020
24	88	3	100	28020	2.002024
20	62	3	100	21190	2.002028
37	53	3	100	69530	2.002028
28	75	3	100	106120	2.002028
5	56	3	100	311560	2.002028
20	64	3	100	83790	2.002028
18	78	3	100	210870	2.002028
3	52	3	100	432970	2.002032
36	51	3	100	187430	2.002036
21	54	3	100	1172400	2.002036
12	66	3	100	126280	2.002036
33	74	3	100	181880	2.002036
15	62	3	100	127830	2.002036
11	64	3	100	109240	2.002036
34	88	3	100	700890	2.002036
22	79	3	100	67590	2.002036
19	77	3	100	10740	2.002040
5	63	3	100	1827180	2.002040
27	59	3	100	212920	2.002040
8	89	3	100	138270	2.002044
4	63	3	100	510	2.002044
24	90	3	100	202130	2.002044
21	86	3	100	560	2.002048
23	68	3	100	229010	2.002048
7	54	3	100	84170	2.002052
26	61	3	100	1943340	2.002052
28	78	3	100	304800	2.002052
24	78	3	100	19450	2.002060
34	76	3	100	24980	2.002060
4	89	3	100	20880	2.002064
9	73	3	100	75420	2.002064
18	52	3	100	27240	2.002064
31	87	3	100	26900	2.002064
2	66	3	100	12940	2.002068
36	84	3	100	154360	2.002072
20	53	3	100	13240	2.002072
4	72	3	100	287210	2.002072
25	85	3	100	266860	2.002072
37	65	3	100	23280	2.002076
37	89	3	100	244650	2.002076
6	65	3	100	736790	2.002080
13	53	3	100	85190	2.002080
16	65	3	100	364000	2.002084
14	76	3	100	1541980	2.002088
31	72	3	100	473660	2.002092
17	77	3	100	19860	2.002092
8	64	3	100	151250	2.002092
8	78	3	100	32170	2.002096
7	86	3	100	1820	2.002096
40	85	3	100	1257710	2.002096
26	59	3	100	470530	2.002096
3	74	3	100	108660	2.002096
16	70	3	100	13450	2.002100
22	53	3	100	45510	2.002104
32	76	3	100	690	2.002104
23	59	3	100	2811700	2.002104
20	58	3	100	322470	2.002108
34	51	3	100	11390	2.002108
5	87	3	100	491200	2.002112
25	72	3	100	434930	2.002112
13	76	3	100	368220	2.002112
25	81	3	100	118010	2.002116
30	81	3	100	118220	2.002116
8	74	3	100	174850	2.002116
21	53	3	100	435620	2.002116
11	76	3	100	89240	2.002120
13	61	3	100	131870	2.002120
32	83	3	100	457740	2.002120
40	68	3	100	18920	2.002124
23	66	3	100	14880	2.002128
5	62	3	100	306340	2.002128
8	56	3	100	2390	2.002128
34	60	3	100	20200	2.002128
16	76	3	100	199030	2.002128
37	78	3	100	180440	2.002128
29	77	3	100	418470	2.002128
23	83	3	100	1717430	2.002128
26	51	3	100	383830	2.002132
9	53	3	100	13540	2.002132
27	71	3	100	949500	2.002132
9	80	3	100	374530	2.002136
5	61	3	100	245690	2.002136
30	69	3	100	151220	2.002140
12	61	3	100	18410	2.002140
15	60	3	100	18400	2.002140
39	68	3	100	288890	2.002140
27	81	3	100	12760	2.002144
4	64	3	100	129800	2.002144
9	81	3	100	343930	2.002144
37	80	3	100	6560	2.002144
13	72	3	100	190740	2.002148
22	51	3	100	75120	2.002148
32	64	3	100	145230	2.002148
30	76	3	100	2180040	2.002152
17	76	3	100	122980	2.002152
3	90	3	100	92660	2.002156
24	68	3	100	14220	2.002156
6	59	3	100	214410	2.002156
22	64	3	100	1010	2.002156
13	66	3	100	399670	2.002156
26	77	3	100	179810	2.002160
5	62	3	100	790	2.002160
37	87	3	100	3129110	2.002164
32	61	3	100	35250	2.002164
28	78	3	100	268710	2.002164
24	81	3	100	314620	2.002168
18	71	3	100	426870	2.002168
20	70	3	100	690	2.002172
5	59	3	100	51040	2.002176
35	72	3	100	3091180	2.002176
12	53	3	100	48600	2.002176
40	80	3	100	1934340	2.002176
16	62	3	100	250020	2.002180
17	89	3	100	2691280	2.002180
4	88	3	100	470370	2.002180
8	72	3	100	32300	2.002184
32	52	3	100	102790	2.002184
32	54	3	100	298940	2.002184
10	56	3	100	51650	2.002184
1	76	3	100	65210	2.002184
40	54	3	100	1642650	2.002184
35	55	3	100	252290	2.002188
12	66	3	100	19990	2.002192
14	56	3	100	170340	2.002192
23	75	3	100	26120	2.002192
2	63	3	100	133680	2.002196
12	72	3	100	497470	2.002200
17	89	3	100	274460	2.002200
13	73	3	100	83890	2.002200
37	52	3	100	25790	2.002200
4	83	3	100	18620	2.002200
30	73	3	100	707750	2.002200
26	52	3	100	522740	2.002204
16	66	3	100	187760	2.002204
29	81	3	100	216680	2.002208
10	78	3	100	14090	2.002208
25	90	3	100	201320	2.002212
27	62	3	100	59820	2.002212
8	71	3	100	12950	2.002212
36	66	3	100	21340	2.002216
21	88	3	100	308420	2.002216
14	63	3	100	269790	2.002216
20	81	3	100	59670	2.002220
8	77	3	100	137340	2.002224
2	65	3	100	233340	2.002224
15	73	3	100	273440	2.002228
15	60	3	100	530	2.002228
10	63	3	100	2460	2.002232
16	76	3	100	433230	2.002236
4	66	3	100	2840980	2.002236
32	51	3	100	134530	2.002244
13	83	3	100	93990	2.002244
3	79	3	100	580	2.002244
5	84	3	100	560	2.002248
35	55	3	100	10670	2.002248
7	56	3	100	464900	2.002248
23	78	3	100	178310	2.002252
2	81	3	100	336390	2.002252
40	70	3	100	353320	2.002256
4	71	3	100	142070	2.002256
36	78	3	100	360950	2.002260
24	72	3	100	105250	2.002264
9	68	3	100	911120	2.002264
30	68	3	100	2693710	2.002264
31	79	3	100	1120	2.002268
34	61	3	100	1920340	2.002272
3	54	3	100	209570	2.002272
21	77	3	100	990	2.002272
33	82	3	100	380230	2.002276
26	89	3	100	660	2.002276
7	69	3	100	40680	2.002276
2	88	3	100	14360	2.002280
2	69	3	100	1454800	2.002280
37	55	3	100	1530	2.002284
8	60	3	100	16860	2.002284
2	79	3	100	14590	2.002284
19	55	3	100	80540	2.002284
17	74	3	100	165650	2.002288
36	74	3	100	32980	2.002288
39	57	3	100	126940	2.002288
36	79	3	100	161770	2.002288
28	68	3	100	91720	2.002288
40	59	3	100	2640	2.002292
27	77	3	100	2783830	2.002292
31	66	3	100	210200	2.002292
25	81	3	100	194870	2.002292
16	78	3	100	28540	2.002292
33	53	3	100	47510	2.002296
10	76	3	100	19860	2.002300
22	57	3	100	282750	2.002300
22	89	3	100	11450	2.002300
22	63	3	100	221000	2.002300
9	88	3	100	108120	2.002300
11	78	3	100	2103280	2.002304
5	56	3	100	2804140	2.002304
4	52	3	100	159360	2.002304
9	62	3	100	225910	2.002304
15	90	3	100	25640	2.002304
23	51	3	100	125790	2.002308
34	67	3	100	20790	2.002308
11	87	3	100	270840	2.002308
7	69	3	100	222800	2.002308
21	82	3	100	540	2.002308
8	81	3	100	161370	2.002312
26	83	3	100	197070	2.002312
13	71	3	100	11110	2.002312
1	86	3	100	2646590	2.002316
37	59	3	100	396670	2.002316
32	83	3	100	347330	2.002320
16	88	3	100	1357580	2.002324
29	88	3	100	119840	2.002324
29	51	3	100	185250	2.002324
29	66	3	100	1252810	2.002324
20	62	3	100	171330	2.002324
37	78	3	100	2440590	2.002324
18	77	3	100	235810	2.002324
24	58	3	100	18180	2.002328
40	66	3	100	151350	2.002328
28	63	3	100	1418270	2.002332
6	52	3	100	1490	2.002332
21	59	3	100	394150	2.002332
32	55	3	100	889090	2.002340
32	59	3	100	93630	2.002340
10	78	3	100	13360	2.002344
12	53	3	100	23520	2.002344
11	65	3	100	202830	2.002352
9	69	3	100	189890	2.002352
6	63	3	100	173350	2.002352
33	56	3	100	1643280	2.002356
18	70	3	100	242900	2.002356
22	83	3	100	17920	2.002356
40	54	3	100	158500	2.002360
30	70	3	100	37710	2.002364
33	84	3	100	172210	2.002364
25	71	3	100	443400	2.002364
36	51	3	100	2781010	2.002364
14	66	3	100	81300	2.002364
34	80	3	100	16790	2.002364
33	60	3	100	2820	2.002368
32	90	3	100	6640	2.002372
34	70	3	100	1180	2.002372
21	70	3	100	1592460	2.002372
16	72	3	100	17180	2.002376
8	60	3	100	376580	2.002376
3	52	3	100	104280	2.002380
18	77	3	100	89190	2.002380
10	54	3	100	187120	2.002380
10	77	3	100	10440	2.002384
27	85	3	100	1273780	2.002384
35	66	3	100	139030	2.002388
36	68	3	100	279870	2.002388
17	79	3	100	221510	2.002388
3	58	3	100	56310	2.002392
38	60	3	100	182710	2.002392
5	61	3	100	39060	2.002392
29	55	3	100	400620	2.002392
13	80	3	100	80910	2.002392
18	56	3	100	6490	2.002392
6	52	3	100	14650	2.002396
9	78	3	100	1660	2.002396
40	71	3	100	45480	2.002400
3	63	3	100	220780	2.002400
2	67	3	100	77610	2.002404
10	72	3	100	89080	2.002404
27	87	3	100	234600	2.002408
34	78	3	100	2398690	2.002408
17	81	3	100	145120	2.002408
38	86	3	100	1335190	2.002420
26	69	3	100	480570	2.002420
9	62	3	100	15950	2.002420
4	88	3	100	379460	2.002424
22	59	3	100	540	2.002424
31	63	3	100	22660	2.002424
7	83	3	100	228490	2.002424
37	61	3	100	2773430	2.002428
9	62	3	100	1853220	2.002428
33	54	3	100	190330	2.002428
7	53	3	100	220710	2.002428
4	69	3	100	222720	2.002428
38	87	3	100	216120	2.002428
39	83	3	100	2200	2.002432
33	77	3	100	1799550	2.002432
19	71	3	100	810360	2.002432
20	72	3	100	29590	2.002432
24	84	3	100	423290	2.002436
10	74	3	100	134360	2.002436
36	77	3	100	17220	2.002440
9	66	3	100	126920	2.002440
35	78	3	100	205050	2.002444
21	54	3	100	204410	2.002444
16	73	3	100	10520	2.002444
32	71	3	100	718080	2.002444
13	90	3	100	221610	2.002448
17	87	3	100	79130	2.002448
30	56	3	100	312460	2.002448
40	55	3	100	20690	2.002452
16	56	3	100	2227280	2.002452
34	82	3	100	90420	2.002456
20	77	3	100	121500	2.002456
11	62	3	100	149980	2.002456
38	63	3	100	920	2.002460
3	57	3	100	241250	2.002460
1	69	3	100	1865850	2.002464
12	88	3	100	223520	2.002464
24	65	3	100	2539530	2.002464
18	76	3	100	244010	2.002464
26	63	3	100	1206880	2.002464
25	82	3	100	101530	2.002468
37	56	3	100	133020	2.002468
26	73	3	100	1564720	2.002468
14	67	3	100	658480	2.002472
29	84	3	100	2079990	2.002472
33	89	3	100	2437440	2.002472
13	66	3	100	190120	2.002472
7	63	3	100	2619790	2.002476
4	89	3	100	127300	2.002476
18	84	3	100	725970	2.002476
6	83	3	100	146020	2.002476
13	55	3	100	203840	2.002476
2	76	3	100	1538350	2.002480
28	66	3	100	405620	2.002480
40	51	3	100	676520	2.002480
14	80	3	100	27780	2.002480
36	66	3	100	23840	2.002484
23	64	3	100	330320	2.002484
28	85	3	100	3069150	2.002484
32	56	3	100	410250	2.002484
23	73	3	100	69710	2.002484
3	83	3	100	378450	2.002488
5	87	3	100	1750100	2.002492
26	67	3	100	28000	2.002492
4	83	3	100	2681630	2.002492
1	70	3	100	6300	2.002492
40	88	3	100	426800	2.002496
17	78	3	100	330170	2.002496
14	52	3	100	230080	2.002496
22	79	3	100	132390	2.002500
37	78	3	100	76210	2.002500
25	69	3	100	460230	2.002500
1	74	3	100	690	2.002500
14	76	3	100	2770330	2.002504
4	59	3	100	39350	2.002504
31	54	3	100	1635610	2.002504
29	65	3	100	88600	2.002508
21	56	3	100	78300	2.002508
38	58	3	100	54960	2.002508
33	60	3	100	14940	2.002508
31	53	3	100	15550	2.002512
29	63	3	100	318810	2.002512
1	74	3	100	167640	2.002512
38	71	3	100	1140	2.002516
24	69	3	100	2085470	2.002520
34	90	3	100	2283780	2.002520
40	69	3	100	1490	2.002524
18	58	3	100	343070	2.002528
1	72	3	100	1000	2.002528
29	89	3	100	990	2.002528
40	67	3	100	223720	2.002532
12	71	3	100	21710	2.002536
35	59	3	100	170520	2.002536
17	52	3	100	97510	2.002536
32	72	3	100	50240	2.002536
18	81	3	100	277580	2.002536
8	90	3	100	370720	2.002540
4	65	3	100	598870	2.002544
11	75	3	100	2796280	2.002548
37	74	3	100	11780	2.002552
7	87	3	100	2580	2.002552
6	77	3	100	24830	2.002552
34	67	3	100	130100	2.002552
31	53	3	100	246910	2.002556
7	53	3	100	73250	2.002560
25	59	3	100	375750	2.002560
5	69	3	100	162640	2.002560
33	55	3	100	510	2.002560
2	70	3	100	89480	2.002564
7	69	3	100	127330	2.002564
37	75	3	100	234680	2.002568
37	86	3	100	21070	2.002572
17	55	3	100	383960	2.002572
32	86	3	100	109760	2.002572
26	84	3	100	3980	2.002572
5	83	3	100	110010	2.002572
33	51	3	100	8900	2.002572
15	66	3	100	758960	2.002572
21	87	3	100	102480	2.002572
17	72	3	100	246600	2.002576
36	56	3	100	21680	2.002584
17	53	3	100	42670	2.002584
23	80	3	100	2052570	2.002588
20	85	3	100	203880	2.002592
16	54	3	100	138770	2.002592
18	81	3	100	13310	2.002596
7	79	3	100	290980	2.002596
35	90	3	100	276780	2.002600
2	69	3	100	118480	2.002604
16	52	3	100	19950	2.002604
6	51	3	100	227080	2.002604
4	56	3	100	4870	2.002604
25	62	3	100	200850	2.002608
18	55	3	100	2558660	2.002608
28	89	3	100	13300	2.002608
2	56	3	100	334280	2.002612
1	70	3	100	173960	2.002612
33	68	3	100	530	2.002612
9	52	3	100	2886910	2.002612
2	60	3	100	437820	2.002616
10	58	3	100	2819570	2.002620
26	77	3	100	1396210	2.002620
2	62	3	100	343380	2.002620
19	88	3	100	114120	2.002620
6	87	3	100	530	2.002620
19	59	3	100	2463480	2.002624
32	63	3	100	246250	2.002628
32	69	3	100	920	2.002632
38	70	3	100	132000	2.002632
20	77	3	100	46030	2.002636
26	76	3	100	146780	2.002636
7	80	3	100	57010	2.002636
16	85	3	100	292300	2.002636
4	76	3	100	90920	2.002640
8	74	3	100	66910	2.002644
37	54	3	100	413940	2.002644
20	76	3	100	200290	2.002644
22	78	3	100	168620	2.002644
14	86	3	100	13090	2.002648
20	55	3	100	13470	2.002648
24	66	3	100	102060	2.002648
21	77	3	100	139220	2.002648
14	58	3	100	120950	2.002648
16	83	3	100	600	2.002648
1	60	3	100	956690	2.002652
39	79	3	100	213220	2.002652
25	76	3	100	510	2.002652
15	64	3	100	2843260	2.002652
1	80	3	100	94850	2.002652
6	52	3	100	294940	2.002656
18	65	3	100	5470	2.002668
2	71	3	100	121720	2.002672
40	65	3	100	88890	2.002672
34	75	3	100	1960	2.002672
3	72	3	100	91710	2.002672
1	84	3	100	14910	2.002676
23	88	3	100	2679520	2.002676
35	67	3	100	980	2.002680
22	55	3	100	2490	2.002680
19	63	3	100	1446520	2.002680
38	53	3	100	34770	2.002684
1	89	3	100	1190	2.002684
10	79	3	100	85020	2.002688
33	80	3	100	198810	2.002688
4	90	3	100	152010	2.002688
26	55	3	100	1341680	2.002692
28	81	3	100	8470	2.002692
21	78	3	100	153080	2.002692
25	82	3	100	3113540	2.002696
5	67	3	100	851620	2.002700
16	53	3	100	15080	2.002700
23	63	3	100	306780	2.002704
16	81	3	100	130650	2.002704
26	88	3	100	107020	2.002704
23	58	3	100	307220	2.002704
34	69	3	100	84540	2.002708
29	59	3	100	2150	2.002708
15	64	3	100	10210	2.002708
35	77	3	100	710	2.002708
22	57	3	100	146330	2.002708
20	57	3	100	28910	2.002712
36	80	3	100	2914570	2.002712
3	63	3	100	2573710	2.002712
18	75	3	100	186090	2.002712
22	73	3	100	20390	2.002716
31	86	3	100	2859670	2.002716
11	72	3	100	372930	2.002724
10	63	3	100	19170	2.002724
3	61	3	100	19200	2.002728
10	60	3	100	104980	2.002728
16	64	3	100	1445360	2.002728
9	57	3	100	2260	2.002728
37	58	3	100	187930	2.002728
15	73	3	100	249180	2.002728
25	56	3	100	1077720	2.002732
2	84	3	100	23760	2.002732
20	80	3	100	446850	2.002732
14	61	3	100	89240	2.002736
13	57	3	100	2319890	2.002736
32	81	3	100	94600	2.002740
22	67	3	100	24810	2.002740
31	80	3	100	253650	2.002740
19	69	3	100	47350	2.002740
29	64	3	100	1996300	2.002744
10	64	3	100	384210	2.002744
3	79	3	100	284990	2.002744
36	70	3	100	95850	2.002748
22	59	3	100	68610	2.002748
30	73	3	100	409630	2.002748
31	81	3	100	12530	2.002748
27	70	3	100	1540	2.002748
26	57	3	100	1520	2.002752
38	56	3	100	151620	2.002752
13	65	3	100	135960	2.002756
23	61	3	100	38320	2.002760
18	77	3	100	225380	2.002760
13	52	3	100	29510	2.002760
19	87	3	100	218810	2.002760
36	74	3	100	110580	2.002760
14	89	3	100	127900	2.002760
4	78	3	100	84050	2.002764
1	80	3	100	11010	2.002764
32	61	3	100	199150	2.002764
23	58	3	100	108600	2.002764
33	89	3	100	630	2.002764
31	74	3	100	282930	2.002768
25	74	3	100	5500	2.002768
32	78	3	100	53280	2.002772
39	76	3	100	944980	2.002772
6	74	3	100	149870	2.002776
18	79	3	100	35630	2.002776
17	88	3	100	184160	2.002776
35	65	3	100	1503830	2.002780
2	61	3	100	1678850	2.002780
38	59	3	100	23320	2.002780
31	65	3	100	21100	2.002780
19	56	3	100	82650	2.002784
13	54	3	100	607650	2.002784
5	70	3	100	78760	2.002788
2	64	3	100	2820240	2.002788
11	79	3	100	13650	2.002788
7	62	3	100	590	2.002788
20	89	3	100	40980	2.002788
34	54	3	100	54150	2.002792
30	65	3	100	1330	2.002792
30	73	3	100	121340	2.002792
15	58	3	100	744580	2.002796
10	73	3	100	442050	2.002796
2	71	3	100	93720	2.002796
3	83	3	100	94000	2.002796
23	65	3	100	394930	2.002800
31	81	3	100	457360	2.002800
22	83	3	100	36370	2.002800
2	54	3	100	510	2.002804
31	81	3	100	99300	2.002804
25	57	3	100	914970	2.002804
15	59	3	100	16220	2.002808
19	65	3	100	1510	2.002808
13	56	3	100	477320	2.002808
20	58	3	100	14530	2.002808
5	53	3	100	36190	2.002812
39	54	3	100	163490	2.002812
37	54	3	100	18490	2.002812
25	51	3	100	2096120	2.002812
5	53	3	100	18800	2.002812
11	78	3	100	330400	2.002816
21	85	3	100	269240	2.002816
20	84	3	100	197470	2.002816
4	83	3	100	930020	2.002816
2	81	3	100	2885560	2.002816
21	77	3	100	98160	2.002820
7	67	3	100	127460	2.002820
28	62	3	100	252090	2.002820
10	81	3	100	347520	2.002820
39	64	3	100	650	2.002824
21	55	3	100	258060	2.002824
18	67	3	100	2083230	2.002828
8	69	3	100	131710	2.002828
30	68	3	100	1184910	2.002828
27	88	3	100	34520	2.002828
33	55	3	100	477060	2.002828
25	52	3	100	71110	2.002832
6	72	3	100	212700	2.002832
40	89	3	100	1465940	2.002832
23	86	3	100	77060	2.002832
37	51	3	100	1074020	2.002836
25	88	3	100	380610	2.002836
23	71	3	100	18470	2.002840
18	62	3	100	280140	2.002840
31	81	3	100	90810	2.002840
8	62	3	100	161340	2.002840
5	87	3	100	302110	2.002844
5	84	3	100	289230	2.002844
29	70	3	100	213900	2.002844
18	73	3	100	456420	2.002844
6	76	3	100	154490	2.002848
12	76	3	100	336610	2.002848
21	62	3	100	59540	2.002852
20	55	3	100	1040430	2.002856
11	67	3	100	1080	2.002856
15	83	3	100	190580	2.002860
5	80	3	100	152540	2.002864
19	84	3	100	135680	2.002864
12	80	3	100	36830	2.002864
12	59	3	100	5690	2.002864
22	61	3	100	30520	2.002868
20	71	3	100	43740	2.002868
24	81	3	100	301890	2.002868
6	76	3	100	520	2.002868
16	69	3	100	466220	2.002868
36	79	3	100	431690	2.002868
18	63	3	100	49750	2.002872
40	90	3	100	249520	2.002872
33	79	3	100	293420	2.002872
36	51	3	100	290760	2.002876
5	69	3	100	262470	2.002880
15	71	3	100	2395410	2.002880
13	58	3	100	1825970	2.002880
23	78	3	100	124030	2.002884
16	56	3	100	2981570	2.002884
30	69	3	100	135680	2.002884
1	52	3	100	486670	2.002884
8	60	3	100	590	2.002892
35	65	3	100	131920	2.002892
22	82	3	100	223300	2.002892
3	66	3	100	116850	2.002892
29	82	3	100	530	2.002892
24	52	3	100	783500	2.002892
10	64	3	100	26760	2.002892
21	84	3	100	219030	2.002896
1	61	3	100	295960	2.002896
25	86	3	100	2085510	2.002896
33	58	3	100	82810	2.002896
39	70	3	100	66340	2.002896
40	54	3	100	275110	2.002900
3	51	3	100	560	2.002900
38	69	3	100	211750	2.002900
6	70	3	100	150870	2.002900
8	89	3	100	1613200	2.002904
38	82	3	100	180000	2.002904
32	75	3	100	530	2.002904
23	78	3	100	2285510	2.002908
31	61	3	100	1975610	2.002912
9	78	3	100	7990	2.002912
20	56	3	100	888020	2.002912
16	51	3	100	366990	2.002916
4	83	3	100	471220	2.002916
9	89	3	100	461710	2.002916
25	80	3	100	122860	2.002916
17	90	3	100	1590	2.002920
13	54	3	100	241020	2.002924
37	73	3	100	248630	2.002924
12	79	3	100	1935900	2.002924
10	65	3	100	56840	2.002932
3	57	3	100	41280	2.002932
7	84	3	100	151840	2.002932
34	76	3	100	231160	2.002936
5	67	3	100	1980	2.002936
17	53	3	100	18910	2.002936
4	85	3	100	2860	2.002940
23	82	3	100	15290	2.002940
26	57	3	100	48960	2.002944
38	53	3	100	1163320	2.002944
23	52	3	100	395540	2.002944
32	79	3	100	97230	2.002948
19	59	3	100	39760	2.002948
28	64	3	100	350590	2.002948
25	65	3	100	15300	2.002948
13	65	3	100	252210	2.002948
3	85	3	100	232900	2.002948
3	61	3	100	13250	2.002948
34	86	3	100	17810	2.002952
38	80	3	100	1621850	2.002952
32	53	3	100	30220	2.002952
35	52	3	100	329390	2.002952
24	78	3	100	87650	2.002956
6	88	3	100	3010530	2.002956
3	53	3	100	79590	2.002956
28	55	3	100	239350	2.002960
6	62	3	100	107520	2.002960
31	73	3	100	16960	2.002960
31	76	3	100	640	2.002960
10	62	3	100	288180	2.002964
28	63	3	100	445540	2.002968
15	56	3	100	214390	2.002968
36	58	3	100	45570	2.002968
11	82	3	100	13430	2.002968
18	66	3	100	421620	2.002968
20	60	3	100	297270	2.002972
10	72	3	100	243520	2.002972
31	65	3	100	10220	2.002976
34	72	3	100	2425160	2.002976
24	89	3	100	170670	2.002976
7	89	3	100	3530	2.002976
16	61	3	100	1250	2.002980
2	64	3	100	24730	2.002980
27	57	3	100	1847440	2.002980
39	69	3	100	1180	2.002980
36	86	3	100	2675040	2.002984
21	64	3	100	92210	2.002988
13	80	3	100	128120	2.002992
37	90	3	100	885020	2.002996
4	55	3	100	80330	2.002996
28	84	3	100	17070	2.002996
26	57	3	100	7930	2.002996
19	85	3	100	235160	2.002996
21	53	3	100	1860	2.003000
31	88	3	100	243640	2.003000
37	81	3	100	10970	2.003000
3	88	3	100	14550	2.003000
29	83	3	100	3145720	2.003004
9	68	3	100	84220	2.003004
2	60	3	100	169150	2.003004
5	90	3	100	1150	2.003008
12	85	3	100	38810	2.003008
8	82	3	100	352570	2.003008
5	71	3	100	1622300	2.003008
37	67	3	100	132960	2.003012
28	65	3	100	2324380	2.003012
11	89	3	100	88570	2.003012
36	57	3	100	142830	2.003016
13	62	3	100	15560	2.003016
22	84	3	100	137810	2.003016
15	88	3	100	11450	2.003016
20	81	3	100	1686580	2.003016
38	55	3	100	165190	2.003016
35	65	3	100	6310	2.003020
25	87	3	100	55020	2.003024
16	62	3	100	9430	2.003024
23	79	3	100	37620	2.003028
21	66	3	100	4520	2.003028
1	51	3	100	1230	2.003032
27	62	3	100	1900	2.003036
5	53	3	100	171930	2.003036
13	57	3	100	12670	2.003036
20	53	3	100	12720	2.003040
32	77	3	100	2843000	2.003044
15	68	3	100	277640	2.003044
17	60	3	100	540	2.003044
32	51	3	100	2485260	2.003048
21	87	3	100	1513130	2.003048
36	66	3	100	17810	2.003048
34	73	3	100	30690	2.003052
7	67	3	100	2380	2.003056
26	58	3	100	205360	2.003056
4	90	3	100	26530	2.003064
19	82	3	100	130690	2.003068
40	80	3	100	21230	2.003068
33	86	3	100	164440	2.003068
40	72	3	100	428080	2.003068
13	60	3	100	446160	2.003068
8	62	3	100	81490	2.003068
25	64	3	100	57580	2.003068
13	69	3	100	27390	2.003072
20	73	3	100	842240	2.003072
1	66	3	100	1071330	2.003076
7	62	3	100	166950	2.003076
31	87	3	100	31880	2.003080
6	81	3	100	358650	2.003080
22	82	3	100	140360	2.003084
23	73	3	100	560	2.003084
26	73	3	100	10860	2.003088
40	66	3	100	35660	2.003088
7	56	3	100	355100	2.003092
3	66	3	100	10600	2.003096
22	87	3	100	130240	2.003100
30	65	3	100	41290	2.003100
4	89	3	100	85110	2.003100
19	81	3	100	1891450	2.003104
20	72	3	100	362060	2.003104
39	77	3	100	994460	2.003104
17	58	3	100	323070	2.003104
20	68	3	100	1172370	2.003108
39	89	3	100	1280	2.003108
37	55	3	100	12430	2.003112
2	66	3	100	74030	2.003112
27	57	3	100	468640	2.003112
24	55	3	100	1671100	2.003112
31	78	3	100	471930	2.003116
38	86	3	100	1650160	2.003116
18	82	3	100	2722480	2.003116
11	81	3	100	29280	2.003116
29	55	3	100	872700	2.003120
6	52	3	100	94080	2.003120
24	57	3	100	1535880	2.003124
18	68	3	100	289290	2.003124
36	80	3	100	109710	2.003124
19	62	3	100	1400	2.003124
38	54	3	100	37070	2.003124
6	55	3	100	129510	2.003128
33	79	3	100	21370	2.003128
17	78	3	100	1635450	2.003128
37	71	3	100	99080	2.003128
29	64	3	100	850	2.003132
23	62	3	100	385350	2.003132
7	84	3	100	407300	2.003132
16	57	3	100	1068650	2.003132
14	55	3	100	144470	2.003132
20	64	3	100	351120	2.003140
12	80	3	100	1424210	2.003144
3	59	3	100	227490	2.003148
22	71	3	100	2090	2.003148
17	52	3	100	260830	2.003148
10	79	3	100	159690	2.003148
3	56	3	100	1886870	2.003148
5	72	3	100	303140	2.003152
19	58	3	100	100670	2.003152
9	83	3	100	166300	2.003152
17	56	3	100	148260	2.003152
23	77	3	100	324250	2.003152
2	66	3	100	82830	2.003152
2	69	3	100	147890	2.003156
31	80	3	100	46680	2.003160
28	88	3	100	835090	2.003160
3	71	3	100	117480	2.003164
39	61	3	100	83550	2.003168
24	52	3	100	334550	2.003168
17	59	3	100	252560	2.003172
16	60	3	100	905890	2.003172
19	58	3	100	761310	2.003176
22	77	3	100	100100	2.003176
1	63	3	100	660	2.003176
2	90	3	100	4180	2.003176
17	83	3	100	1020	2.003180
20	58	3	100	1460	2.003180
32	51	3	100	98600	2.003180
8	75	3	100	246240	2.003184
16	52	3	100	270200	2.003184
10	56	3	100	573610	2.003184
17	86	3	100	183050	2.003188
37	86	3	100	403320	2.003188
22	77	3	100	24350	2.003188
37	85	3	100	451910	2.003188
11	86	3	100	83150	2.003196
12	63	3	100	1462630	2.003196
8	84	3	100	127540	2.003196
11	74	3	100	40080	2.003196
12	67	3	100	421890	2.003200
37	51	3	100	3067120	2.003200
20	56	3	100	182960	2.003200
19	52	3	100	192070	2.003200
38	69	3	100	25850	2.003200
30	56	3	100	23440	2.003204
35	55	3	100	45670	2.003204
15	87	3	100	12380	2.003204
25	59	3	100	43570	2.003204
18	72	3	100	16300	2.003204
14	54	3	100	379970	2.003208
1	64	3	100	2068490	2.003208
8	71	3	100	13090	2.003208
6	60	3	100	236380	2.003212
39	82	3	100	1766640	2.003212
8	87	3	100	2980	2.003212
38	56	3	100	79210	2.003212
14	64	3	100	367900	2.003212
17	73	3	100	5940	2.003216
5	88	3	100	23610	2.003216
11	73	3	100	132470	2.003216
23	65	3	100	94820	2.003216
7	70	3	100	101740	2.003216
29	85	3	100	64510	2.003220
23	54	3	100	69510	2.003220
10	78	3	100	1300	2.003220
20	73	3	100	2168440	2.003220
24	66	3	100	162340	2.003224
20	80	3	100	427400	2.003228
1	52	3	100	127540	2.003228
35	59	3	100	12460	2.003228
38	86	3	100	36420	2.003228
34	81	3	100	3095640	2.003228
7	86	3	100	1360	2.003228
21	89	3	100	40040	2.003232
32	63	3	100	32550	2.003232
28	81	3	100	580	2.003232
24	72	3	100	88860	2.003232
20	57	3	100	479660	2.003236
12	71	3	100	37980	2.003236
35	84	3	100	2448400	2.003236
15	86	3	100	1121820	2.003236
38	83	3	100	2300	2.003240
1	69	3	100	1904670	2.003240
6	83	3	100	81890	2.003244
25	62	3	100	1594140	2.003244
37	89	3	100	2130600	2.003244
23	75	3	100	2616500	2.003244
15	76	3	100	108930	2.003244
14	88	3	100	186020	2.003244
7	72	3	100	3084470	2.003248
39	72	3	100	1511020	2.003252
12	54	3	100	1404370	2.003252
17	68	3	100	2924300	2.003252
17	73	3	100	368850	2.003252
10	61	3	100	371000	2.003252
1	66	3	100	1732720	2.003256
17	81	3	100	1370	2.003256
34	80	3	100	700	2.003260
31	79	3	100	4460	2.003260
22	72	3	100	1642220	2.003260
18	73	3	100	172420	2.003260
1	72	3	100	4110	2.003264
20	80	3	100	932690	2.003264
13	84	3	100	1360	2.003264
25	64	3	100	170830	2.003264
8	60	3	100	796950	2.003264
32	85	3	100	127980	2.003264
37	78	3	100	442880	2.003268
3	86	3	100	12810	2.003268
34	81	3	100	370990	2.003268
35	59	3	100	108870	2.003272
37	82	3	100	890	2.003272
20	72	3	100	781010	2.003272
17	77	3	100	2989290	2.003276
24	68	3	100	86880	2.003280
40	70	3	100	440090	2.003280
21	60	3	100	2415850	2.003280
36	56	3	100	1499500	2.003280
9	61	3	100	289400	2.003284
30	74	3	100	40950	2.003284
8	77	3	100	25880	2.003284
30	79	3	100	2113790	2.003288
19	89	3	100	2510020	2.003292
21	68	3	100	2364650	2.003292
24	60	3	100	149990	2.003292
35	55	3	100	12010	2.003296
6	52	3	100	1105540	2.003296
36	55	3	100	119500	2.003296
35	85	3	100	373800	2.003300
8	84	3	100	122520	2.003304
12	89	3	100	790	2.003308
27	64	3	100	116480	2.003312
29	85	3	100	96410	2.003316
33	51	3	100	452860	2.003316
28	84	3	100	127940	2.003320
34	72	3	100	3037530	2.003320
37	66	3	100	2518700	2.003320
5	61	3	100	366330	2.003324
23	66	3	100	403080	2.003324
1	83	3	100	385800	2.003324
8	66	3	100	880	2.003324
33	79	3	100	510	2.003332
31	55	3	100	2419670	2.003332
14	69	3	100	530	2.003332
35	71	3	100	2070160	2.003336
33	68	3	100	3400	2.003336
2	85	3	100	125850	2.003336
27	86	3	100	50180	2.003336
12	83	3	100	1040320	2.003340
2	81	3	100	11950	2.003344
16	63	3	100	99330	2.003344
37	68	3	100	1900840	2.003344
33	62	3	100	56290	2.003344
15	75	3	100	284290	2.003344
22	67	3	100	168000	2.003348
2	90	3	100	1350	2.003348
11	53	3	100	170000	2.003348
12	69	3	100	8180	2.003352
16	63	3	100	2034310	2.003352
8	79	3	100	23050	2.003352
26	74	3	100	118070	2.003352
22	62	3	100	10500	2.003356
35	74	3	100	193040	2.003356
22	58	3	100	185280	2.003356
4	78	3	100	1180	2.003356
12	83	3	100	43190	2.003360
6	66	3	100	19540	2.003364
12	71	3	100	2748050	2.003368
35	78	3	100	37980	2.003372
16	84	3	100	486900	2.003372
10	84	3	100	2378100	2.003372
36	66	3	100	165600	2.003372
34	79	3	100	329240	2.003372
12	59	3	100	88150	2.003376
30	61	3	100	16800	2.003376
17	83	3	100	180080	2.003380
24	90	3	100	2380	2.003380
20	70	3	100	174630	2.003380
7	57	3	100	98790	2.003380
19	69	3	100	304940	2.003384
11	82	3	100	93270	2.003384
4	76	3	100	720	2.003384
29	51	3	100	207430	2.003384
15	66	3	100	158120	2.003388
6	86	3	100	233440	2.003388
15	90	3	100	1319440	2.003388
25	65	3	100	81800	2.003388
10	75	3	100	344780	2.003392
9	76	3	100	38230	2.003396
10	61	3	100	80900	2.003396
19	60	3	100	75490	2.003396
36	56	3	100	23020	2.003396
39	84	3	100	565470	2.003404
36	82	3	100	12010	2.003404
39	88	3	100	310940	2.003404
20	74	3	100	3075270	2.003408
18	81	3	100	72500	2.003412
18	52	3	100	15430	2.003416
31	57	3	100	178140	2.003416
25	57	3	100	1930880	2.003416
32	66	3	100	363040	2.003424
35	72	3	100	93690	2.003424
16	53	3	100	600	2.003424
35	76	3	100	125960	2.003428
15	64	3	100	82610	2.003428
6	64	3	100	15140	2.003432
33	90	3	100	66510	2.003432
8	60	3	100	88310	2.003436
2	60	3	100	5260	2.003440
29	73	3	100	463050	2.003440
17	61	3	100	1153380	2.003440
23	69	3	100	1591460	2.003440
14	67	3	100	33220	2.003440
27	85	3	100	316620	2.003444
16	83	3	100	10510	2.003444
35	71	3	100	168700	2.003444
11	79	3	100	3950	2.003448
11	61	3	100	327280	2.003448
19	72	3	100	2740410	2.003456
35	88	3	100	37150	2.003456
24	58	3	100	1660	2.003460
18	76	3	100	4090	2.003460
10	86	3	100	790	2.003464
6	71	3	100	294020	2.003464
17	60	3	100	38430	2.003464
22	80	3	100	9430	2.003468
3	59	3	100	100270	2.003468
27	51	3	100	163870	2.003468
12	64	3	100	106120	2.003468
19	67	3	100	3250	2.003468
40	81	3	100	196280	2.003472
22	52	3	100	287320	2.003472
8	77	3	100	63030	2.003476
19	52	3	100	101740	2.003476
38	78	3	100	551470	2.003476
26	74	3	100	2740930	2.003476
8	64	3	100	119050	2.003480
36	74	3	100	249220	2.003480
16	77	3	100	94420	2.003480
5	73	3	100	2080	2.003484
19	86	3	100	196110	2.003484
40	62	3	100	256890	2.003484
1	90	3	100	95170	2.003488
5	80	3	100	59460	2.003488
7	55	3	100	313040	2.003488
40	66	3	100	412110	2.003488
17	52	3	100	2471850	2.003492
17	74	3	100	2305500	2.003492
6	65	3	100	106810	2.003496
40	73	3	100	483710	2.003496
31	67	3	100	2180	2.003496
34	86	3	100	2054820	2.003500
36	58	3	100	462670	2.003500
3	83	3	100	191490	2.003500
2	83	3	100	44370	2.003504
33	79	3	100	182600	2.003504
5	53	3	100	87060	2.003504
20	52	3	100	309830	2.003508
37	74	3	100	194320	2.003508
34	84	3	100	17940	2.003508
18	79	3	100	358830	2.003512
3	79	3	100	233770	2.003512
14	63	3	100	750	2.003512
16	63	3	100	105390	2.003512
32	60	3	100	1191600	2.003516
38	55	3	100	9130	2.003516
4	68	3	100	50140	2.003520
38	77	3	100	37070	2.003520
15	54	3	100	31000	2.003520
13	76	3	100	15930	2.003520
28	55	3	100	1631690	2.003520
10	82	3	100	437990	2.003524
38	82	3	100	80340	2.003524
21	76	3	100	36090	2.003524
3	77	3	100	35290	2.003528
35	81	3	100	8960	2.003528
34	55	3	100	296830	2.003532
26	61	3	100	239370	2.003532
37	75	3	100	17540	2.003532
13	65	3	100	53140	2.003532
28	89	3	100	141960	2.003532
32	88	3	100	83670	2.003532
29	57	3	100	899050	2.003540
35	73	3	100	23660	2.003540
38	60	3	100	52160	2.003540
35	51	3	100	1449880	2.003544
33	88	3	100	54410	2.003544
8	53	3	100	299810	2.003544
10	62	3	100	22580	2.003548
23	66	3	100	455520	2.003552
10	75	3	100	36740	2.003552
10	64	3	100	1600	2.003552
30	86	3	100	620	2.003552
27	73	3	100	1794580	2.003552
7	59	3	100	130470	2.003556
11	55	3	100	150690	2.003556
28	54	3	100	357130	2.003556
12	56	3	100	140180	2.003564
8	90	3	100	100390	2.003564
16	53	3	100	208970	2.003564
12	54	3	100	704830	2.003568
12	60	3	100	24610	2.003572
11	85	3	100	45370	2.003576
3	69	3	100	48020	2.003576
19	62	3	100	2974550	2.003576
39	75	3	100	1811440	2.003576
4	60	3	100	21890	2.003580
26	59	3	100	41700	2.003580
11	88	3	100	2410520	2.003580
34	69	3	100	134170	2.003580
11	58	3	100	1440570	2.003584
28	56	3	100	104920	2.003584
30	68	3	100	79250	2.003588
21	61	3	100	44930	2.003592
18	75	3	100	886250	2.003592
40	60	3	100	24080	2.003596
33	82	3	100	61260	2.003596
19	55	3	100	498160	2.003604
25	52	3	100	454210	2.003604
16	63	3	100	148620	2.003604
27	87	3	100	720	2.003604
13	52	3	100	894470	2.003604
29	61	3	100	421710	2.003604
25	71	3	100	72620	2.003608
30	68	3	100	123740	2.003608
9	80	3	100	560	2.003608
14	55	3	100	346210	2.003612
24	52	3	100	2494810	2.003612
31	89	3	100	249370	2.003612
21	87	3	100	154630	2.003616
38	66	3	100	154320	2.003616
23	89	3	100	327240	2.003616
24	53	3	100	24560	2.003616
20	71	3	100	960	2.003620
34	66	3	100	740	2.003620
37	68	3	100	284870	2.003620
24	52	3	100	73940	2.003624
3	62	3	100	1698230	2.003624
9	82	3	100	91570	2.003624
15	84	3	100	97710	2.003624
23	55	3	100	1070	2.003628
15	58	3	100	133180	2.003628
10	52	3	100	342150	2.003628
38	70	3	100	181160	2.003632
29	73	3	100	98720	2.003636
5	74	3	100	109760	2.003636
9	71	3	100	692180	2.003640
2	70	3	100	392320	2.003640
26	90	3	100	1360	2.003640
1	71	3	100	247360	2.003644
13	59	3	100	35270	2.003648
27	76	3	100	34420	2.003648
22	85	3	100	36340	2.003648
1	62	3	100	2305320	2.003648
29	90	3	100	200680	2.003656
32	58	3	100	46170	2.003660
16	75	3	100	17870	2.003664
9	83	3	100	520710	2.003664
17	69	3	100	104640	2.003664
19	60	3	100	23560	2.003664
34	77	3	100	2812120	2.003664
27	84	3	100	156620	2.003668
26	90	3	100	344970	2.003668
4	79	3	100	2784610	2.003668
30	63	3	100	1975750	2.003672
18	58	3	100	207770	2.003676
30	62	3	100	11440	2.003676
34	68	3	100	18920	2.003680
22	73	3	100	439050	2.003684
28	60	3	100	14050	2.003684
1	70	3	100	825200	2.003688
38	58	3	100	489670	2.003688
29	63	3	100	770	2.003692
39	68	3	100	4900	2.003692
33	84	3	100	48680	2.003692
9	60	3	100	2653190	2.003696
2	73	3	100	243370	2.003696
27	90	3	100	817420	2.003700
17	78	3	100	200810	2.003700
27	63	3	100	142600	2.003700
16	57	3	100	14290	2.003704
25	90	3	100	215740	2.003708
10	61	3	100	19640	2.003708
35	66	3	100	218100	2.003712
39	74	3	100	144450	2.003712
7	73	3	100	850	2.003716
33	81	3	100	328860	2.003716
38	89	3	100	122320	2.003716
27	89	3	100	1043680	2.003716
27	68	3	100	376230	2.003716
39	53	3	100	141350	2.003728
11	55	3	100	165590	2.003728
1	59	3	100	114710	2.003728
37	57	3	100	232220	2.003732
16	53	3	100	468530	2.003732
40	67	3	100	208740	2.003732
35	54	3	100	202310	2.003736
20	70	3	100	482080	2.003736
7	90	3	100	54700	2.003736
34	57	3	100	404730	2.003736
10	59	3	100	670	2.003740
31	64	3	100	403360	2.003740
6	77	3	100	980	2.003740
24	52	3	100	312750	2.003740
32	67	3	100	77450	2.003740
10	85	3	100	122430	2.003740
31	75	3	100	12700	2.003740
35	63	3	100	1556710	2.003744
19	76	3	100	67620	2.003748
39	76	3	100	3070680	2.003748
33	71	3	100	14880	2.003748
20	70	3	100	30470	2.003752
1	73	3	100	114690	2.003752
5	90	3	100	372740	2.003756
36	77	3	100	2700	2.003760
18	74	3	100	231420	2.003760
39	68	3	100	42000	2.003764
20	88	3	100	1989890	2.003764
33	59	3	100	42560	2.003764
34	77	3	100	29980	2.003764
4	57	3	100	240580	2.003768
31	53	3	100	123460	2.003768
32	72	3	100	100120	2.003768
8	55	3	100	65350	2.003768
12	65	3	100	2280	2.003768
10	71	3	100	3041030	2.003768
17	67	3	100	41900	2.003768
23	85	3	100	278980	2.003768
31	75	3	100	381630	2.003772
40	59	3	100	79160	2.003772
23	64	3	100	1205190	2.003772
37	71	3	100	297870	2.003776
24	69	3	100	3049150	2.003780
38	58	3	100	4620	2.003780
19	51	3	100	137830	2.003780
30	86	3	100	2630820	2.003780
37	87	3	100	67250	2.003780
16	83	3	100	122280	2.003780
4	65	3	100	2572740	2.003784
38	89	3	100	187500	2.003784
8	58	3	100	1548080	2.003788
2	88	3	100	409860	2.003792
18	57	3	100	2878980	2.003792
12	61	3	100	11960	2.003796
36	58	3	100	780	2.003796
35	65	3	100	58430	2.003800
28	81	3	100	221940	2.003800
4	65	3	100	580	2.003800
4	80	3	100	37810	2.003800
7	90	3	100	565190	2.003800
33	88	3	100	1191740	2.003804
11	54	3	100	142130	2.003804
1	76	3	100	10870	2.003808
25	51	3	100	375040	2.003808
16	81	3	100	306220	2.003808
26	76	3	100	500710	2.003812
2	58	3	100	271690	2.003812
34	62	3	100	80290	2.003816
19	72	3	100	28740	2.003816
39	70	3	100	1790630	2.003820
2	71	3	100	520	2.003820
11	87	3	100	98790	2.003820
21	53	3	100	335130	2.003824
22	89	3	100	1299190	2.003824
14	65	3	100	268650	2.003824
24	78	3	100	23780	2.003828
24	81	3	100	42400	2.003828
40	56	3	100	125670	2.003828
13	54	3	100	406290	2.003832
20	67	3	100	407330	2.003832
27	67	3	100	11450	2.003832
20	58	3	100	100360	2.003832
36	54	3	100	241540	2.003836
39	87	3	100	780	2.003836
11	55	3	100	94930	2.003836
14	66	3	100	46800	2.003840
12	67	3	100	96770	2.003840
4	57	3	100	4390	2.003844
7	52	3	100	661710	2.003844
14	76	3	100	13550	2.003848
7	76	3	100	237090	2.003852
20	87	3	100	288180	2.003856
13	81	3	100	110340	2.003856
34	89	3	100	1743180	2.003860
2	85	3	100	879180	2.003860
6	79	3	100	1250	2.003860
33	83	3	100	2694580	2.003860
33	85	3	100	600	2.003864
27	75	3	100	220230	2.003864
30	80	3	100	6620	2.003864
13	59	3	100	640	2.003868
35	72	3	100	368350	2.003868
7	84	3	100	33500	2.003872
14	86	3	100	55250	2.003876
31	82	3	100	78960	2.003876
21	69	3	100	232160	2.003876
30	87	3	100	197090	2.003876
26	53	3	100	18230	2.003880
10	60	3	100	2281970	2.003880
27	60	3	100	15030	2.003880
2	62	3	100	69150	2.003880
12	79	3	100	184090	2.003880
30	70	3	100	12160	2.003884
8	73	3	100	42030	2.003884
4	76	3	100	161890	2.003888
30	73	3	100	2983480	2.003888
40	61	3	100	459950	2.003888
31	84	3	100	100690	2.003888
38	66	3	100	335170	2.003888
28	87	3	100	92340	2.003892
4	62	3	100	93140	2.003892
5	57	3	100	15060	2.003896
8	51	3	100	38380	2.003896
38	51	3	100	730	2.003900
15	86	3	100	184040	2.003900
2	84	3	100	14620	2.003900
16	54	3	100	2167790	2.003900
9	56	3	100	12410	2.003908
35	67	3	100	79580	2.003908
8	87	3	100	20940	2.003912
3	76	3	100	39410	2.003912
8	75	3	100	116900	2.003912
28	61	3	100	150900	2.003916
14	88	3	100	129480	2.003916
19	79	3	100	348180	2.003920
17	72	3	100	121530	2.003920
31	70	3	100	288800	2.003920
33	78	3	100	80070	2.003920
20	69	3	100	2573440	2.003920
18	87	3	100	1855980	2.003920
11	57	3	100	130020	2.003924
24	76	3	100	219910	2.003924
12	64	3	100	86680	2.003924
19	56	3	100	7330	2.003928
17	80	3	100	2790120	2.003932
38	81	3	100	13250	2.003936
4	88	3	100	2526950	2.003936
11	57	3	100	301930	2.003936
19	61	3	100	178210	2.003940
34	67	3	100	40500	2.003940
38	72	3	100	26700	2.003940
2	79	3	100	375470	2.003944
19	85	3	100	200760	2.003944
2	66	3	100	540	2.003948
30	69	3	100	361730	2.003948
20	51	3	100	1313640	2.003948
37	75	3	100	315280	2.003948
13	62	3	100	869880	2.003956
10	68	3	100	2403190	2.003960
26	60	3	100	426140	2.003964
22	86	3	100	6470	2.003964
3	79	3	100	11640	2.003968
5	71	3	100	97450	2.003968
28	66	3	100	644820	2.003972
23	83	3	100	233580	2.003972
7	76	3	100	377560	2.003976
35	81	3	100	2894580	2.003976
37	67	3	100	454240	2.003976
17	71	3	100	148370	2.003980
9	67	3	100	332110	2.003980
32	79	3	100	610	2.003980
28	60	3	100	252150	2.003980
16	73	3	100	24910	2.003980
28	87	3	100	66950	2.003980
22	84	3	100	2384520	2.003984
35	86	3	100	1430	2.003988
30	64	3	100	1139740	2.003988
10	74	3	100	11100	2.003988
36	56	3	100	254620	2.003988
31	71	3	100	328650	2.003992
21	73	3	100	213680	2.003992
12	70	3	100	25650	2.003996
25	62	3	100	17830	2.003996
